Width: 505
Flags: W
LayerCount: 2
Fore
SplineSet
365 83 m 0,0,1
 365 64 365 64 382 64 c 256,2,3
 399 64 399 64 426 83 c 128,-1,4
 453 102 453 102 479 137 c 0,5,6
 483 141 483 141 486 141 c 0,7,8
 496 141 496 141 496 131 c 0,9,10
 496 128 496 128 495 127 c 0,11,12
 489 116 489 116 470 92.5 c 128,-1,13
 451 69 451 69 425 45.5 c 128,-1,14
 399 22 399 22 370 4.5 c 128,-1,15
 341 -13 341 -13 315 -13 c 0,16,17
 292 -13 292 -13 283.5 5.5 c 128,-1,18
 275 24 275 24 275 50 c 0,19,20
 275 74 275 74 280 101 c 128,-1,21
 285 128 285 128 293 148 c 1,22,-1
 291 146 l 2,23,24
 283 136 283 136 259 110.5 c 128,-1,25
 235 85 235 85 202 58 c 128,-1,26
 169 31 169 31 131 10.5 c 128,-1,27
 93 -10 93 -10 58 -10 c 0,28,29
 21 -10 21 -10 4.5 9 c 128,-1,30
 -12 28 -12 28 -12 60 c 0,31,32
 -12 88 -12 88 -0.5 123.5 c 128,-1,33
 11 159 11 159 31.5 196.5 c 128,-1,34
 52 234 52 234 80 271.5 c 128,-1,35
 108 309 108 309 141 341 c 0,36,37
 161 361 161 361 185 379 c 128,-1,38
 209 397 209 397 235.5 411 c 128,-1,39
 262 425 262 425 288.5 433 c 128,-1,40
 315 441 315 441 341 441 c 0,41,42
 363 441 363 441 384.5 435 c 128,-1,43
 406 429 406 429 419 408 c 1,44,45
 524 597 524 597 634 713 c 1,46,47
 565 739 565 739 529.5 775.5 c 128,-1,48
 494 812 494 812 494 846 c 256,49,50
 494 880 494 880 531 903 c 128,-1,51
 568 926 568 926 646 926 c 0,52,53
 675 926 675 926 704.5 921.5 c 128,-1,54
 734 917 734 917 761 908.5 c 128,-1,55
 788 900 788 900 811 888 c 128,-1,56
 834 876 834 876 849 861 c 1,57,58
 896 875 896 875 937 875 c 0,59,60
 1019 875 1019 875 1060 849 c 128,-1,61
 1101 823 1101 823 1101 789 c 0,62,63
 1101 769 1101 769 1086 748.5 c 128,-1,64
 1071 728 1071 728 1041 712 c 128,-1,65
 1011 696 1011 696 966 686 c 128,-1,66
 921 676 921 676 861 676 c 0,67,68
 810 676 810 676 767 681.5 c 128,-1,69
 724 687 724 687 687 696 c 1,70,71
 642 644 642 644 600 582.5 c 128,-1,72
 558 521 558 521 522.5 457.5 c 128,-1,73
 487 394 487 394 458 333.5 c 128,-1,74
 429 273 429 273 408 222 c 128,-1,75
 387 171 387 171 376 134.5 c 128,-1,76
 365 98 365 98 365 83 c 0,0,1
401 375 m 2,77,78
 401 399 401 399 387.5 410.5 c 128,-1,79
 374 422 374 422 352 422 c 0,80,81
 334 422 334 422 312 415 c 128,-1,82
 290 408 290 408 267.5 394.5 c 128,-1,83
 245 381 245 381 223 362.5 c 128,-1,84
 201 344 201 344 182 320 c 0,85,86
 161 293 161 293 143 263.5 c 128,-1,87
 125 234 125 234 112 205 c 128,-1,88
 99 176 99 176 91.5 149.5 c 128,-1,89
 84 123 84 123 84 103 c 256,90,91
 84 83 84 83 92 70.5 c 128,-1,92
 100 58 100 58 119 58 c 0,93,94
 143 58 143 58 169.5 72 c 128,-1,95
 196 86 196 86 223 108 c 128,-1,96
 250 130 250 130 275 157 c 128,-1,97
 300 184 300 184 321 210 c 1,98,99
 341 254 341 254 361 295 c 128,-1,100
 381 336 381 336 401 374 c 1,101,-1
 401 375 l 2,77,78
951 858 m 0,102,103
 910 858 910 858 866 839 c 1,104,105
 874 826 874 826 874 812 c 0,106,107
 874 800 874 800 856 800 c 0,108,109
 849 800 849 800 846 803 c 0,110,111
 844 805 844 805 843 807 c 2,112,-1
 837 825 l 1,113,114
 802 805 802 805 767.5 776 c 128,-1,115
 733 747 733 747 700 710 c 1,116,117
 731 702 731 702 767.5 698 c 128,-1,118
 804 694 804 694 848 694 c 0,119,120
 894 694 894 694 928 703.5 c 128,-1,121
 962 713 962 713 984.5 728 c 128,-1,122
 1007 743 1007 743 1017.5 761.5 c 128,-1,123
 1028 780 1028 780 1028 798 c 0,124,125
 1028 822 1028 822 1008.5 840 c 128,-1,126
 989 858 989 858 951 858 c 0,102,103
821 850 m 1,127,128
 808 865 808 865 789 876 c 128,-1,129
 770 887 770 887 748.5 894.5 c 128,-1,130
 727 902 727 902 703.5 906 c 128,-1,131
 680 910 680 910 657 910 c 0,132,133
 602 910 602 910 573.5 888.5 c 128,-1,134
 545 867 545 867 545 837 c 0,135,136
 545 809 545 809 570 779 c 128,-1,137
 595 749 595 749 648 727 c 1,138,139
 735 814 735 814 821 850 c 1,127,128
EndSplineSet
