Width: 362
Flags: W
LayerCount: 2
Fore
SplineSet
332 438 m 0,0,1
 374 438 374 438 393 424.5 c 128,-1,2
 412 411 412 411 412 389 c 0,3,4
 412 361 412 361 385.5 325 c 128,-1,5
 359 289 359 289 316.5 257 c 128,-1,6
 274 225 274 225 220 203 c 128,-1,7
 166 181 166 181 111 181 c 0,8,9
 104 181 104 181 99 182 c 1,10,11
 94 165 94 165 91.5 149.5 c 128,-1,12
 89 134 89 134 89 120 c 0,13,14
 89 88 89 88 104 68.5 c 128,-1,15
 119 49 119 49 154 49 c 0,16,17
 181 49 181 49 207 60 c 128,-1,18
 233 71 233 71 257.5 89.5 c 128,-1,19
 282 108 282 108 304.5 133 c 128,-1,20
 327 158 327 158 346 186 c 0,21,22
 349 190 349 190 352 190 c 0,23,24
 356 190 356 190 359 186.5 c 128,-1,25
 362 183 362 183 362 178 c 0,26,27
 362 174 362 174 360 171 c 0,28,29
 339 140 339 140 309.5 108 c 128,-1,30
 280 76 280 76 244 50.5 c 128,-1,31
 208 25 208 25 167 8.5 c 128,-1,32
 126 -8 126 -8 81 -8 c 0,33,34
 32 -8 32 -8 11 14 c 128,-1,35
 -10 36 -10 36 -10 72 c 0,36,37
 -10 104 -10 104 5 143.5 c 128,-1,38
 20 183 20 183 45.5 223.5 c 128,-1,39
 71 264 71 264 105 303 c 128,-1,40
 139 342 139 342 177 372 c 128,-1,41
 215 402 215 402 254.5 420 c 128,-1,42
 294 438 294 438 332 438 c 0,0,1
316 415 m 0,43,44
 285 415 285 415 253 395.5 c 128,-1,45
 221 376 221 376 192.5 344.5 c 128,-1,46
 164 313 164 313 140.5 274 c 128,-1,47
 117 235 117 235 104 197 c 1,48,49
 107 196 107 196 115 196 c 0,50,51
 160 196 160 196 200.5 218.5 c 128,-1,52
 241 241 241 241 271 272.5 c 128,-1,53
 301 304 301 304 319 337.5 c 128,-1,54
 337 371 337 371 337 392 c 0,55,56
 337 415 337 415 316 415 c 0,43,44
EndSplineSet
