Width: 209
Flags: W
LayerCount: 2
Fore
SplineSet
624 883 m 0,0,1
 661 883 661 883 677 863.5 c 128,-1,2
 693 844 693 844 693 818 c 0,3,4
 693 801 693 801 686.5 784 c 128,-1,5
 680 767 680 767 668.5 753 c 128,-1,6
 657 739 657 739 640.5 730 c 128,-1,7
 624 721 624 721 604 721 c 0,8,9
 588 721 588 721 579 730.5 c 128,-1,10
 570 740 570 740 570 753 c 0,11,12
 570 767 570 767 582.5 779 c 128,-1,13
 595 791 595 791 622 791 c 0,14,15
 639 791 639 791 650.5 802 c 128,-1,16
 662 813 662 813 662 826 c 256,17,18
 662 839 662 839 649.5 849 c 128,-1,19
 637 859 637 859 605 859 c 0,20,21
 562 859 562 859 523 839 c 128,-1,22
 484 819 484 819 450 786.5 c 128,-1,23
 416 754 416 754 387.5 714 c 128,-1,24
 359 674 359 674 336 633.5 c 128,-1,25
 313 593 313 593 296 556 c 128,-1,26
 279 519 279 519 269 494 c 0,27,28
 264 481 264 481 258 466.5 c 128,-1,29
 252 452 252 452 246 437 c 1,30,31
 271 437 271 437 293 437.5 c 128,-1,32
 315 438 315 438 332 439 c 0,33,34
 345 439 345 439 345 433 c 0,35,36
 345 428 345 428 338.5 423 c 128,-1,37
 332 418 332 418 328 417 c 0,38,39
 317 418 317 418 303.5 418 c 128,-1,40
 290 418 290 418 275 418 c 2,41,-1
 238 418 l 1,42,43
 214 361 214 361 184 294 c 128,-1,44
 154 227 154 227 117 156.5 c 128,-1,45
 80 86 80 86 38 16.5 c 128,-1,46
 -4 -53 -4 -53 -52 -114 c 1,47,48
 -3 -130 -3 -130 18.5 -159.5 c 128,-1,49
 40 -189 40 -189 40 -211 c 0,50,51
 40 -234 40 -234 29 -244 c 128,-1,52
 18 -254 18 -254 7 -254 c 0,53,54
 -2 -254 -2 -254 -9 -248.5 c 128,-1,55
 -16 -243 -16 -243 -16 -233 c 0,56,57
 -16 -224 -16 -224 -15.5 -218 c 128,-1,58
 -15 -212 -15 -212 -14 -207 c 128,-1,59
 -13 -202 -13 -202 -12.5 -195.5 c 128,-1,60
 -12 -189 -12 -189 -12 -179 c 0,61,62
 -12 -159 -12 -159 -24.5 -145.5 c 128,-1,63
 -37 -132 -37 -132 -60 -125 c 1,64,65
 -96 -170 -96 -170 -135.5 -208.5 c 128,-1,66
 -175 -247 -175 -247 -217 -275 c 128,-1,67
 -259 -303 -259 -303 -304 -318.5 c 128,-1,68
 -349 -334 -349 -334 -396 -334 c 0,69,70
 -447 -334 -447 -334 -470.5 -317.5 c 128,-1,71
 -494 -301 -494 -301 -494 -275 c 0,72,73
 -494 -250 -494 -250 -470 -220 c 128,-1,74
 -446 -190 -446 -190 -399.5 -164 c 128,-1,75
 -353 -138 -353 -138 -284 -121 c 128,-1,76
 -215 -104 -215 -104 -126 -104 c 2,77,-1
 -110 -104 l 1,78,79
 -68 -43 -68 -43 -29.5 26 c 128,-1,80
 9 95 9 95 43.5 164 c 128,-1,81
 78 233 78 233 107.5 298 c 128,-1,82
 137 363 137 363 161 416 c 1,83,84
 145 415 145 415 132 415 c 128,-1,85
 119 415 119 415 109 415 c 0,86,87
 98 415 98 415 88 414 c 0,88,89
 81 414 81 414 81 423 c 0,90,91
 81 428 81 428 83.5 433.5 c 128,-1,92
 86 439 86 439 91 440 c 0,93,94
 104 438 104 438 124.5 437.5 c 128,-1,95
 145 437 145 437 171 437 c 0,96,97
 172 440 172 440 176 448 c 0,98,99
 199 493 199 493 223 536 c 0,100,101
 243 573 243 573 267 612.5 c 128,-1,102
 291 652 291 652 311 679 c 0,103,104
 338 715 338 715 372.5 751 c 128,-1,105
 407 787 407 787 447.5 816.5 c 128,-1,106
 488 846 488 846 532.5 864.5 c 128,-1,107
 577 883 577 883 624 883 c 0,0,1
-436 -282 m 0,108,109
 -436 -298 -436 -298 -423 -308 c 128,-1,110
 -410 -318 -410 -318 -384 -318 c 0,111,112
 -349 -318 -349 -318 -314.5 -303 c 128,-1,113
 -280 -288 -280 -288 -246.5 -261 c 128,-1,114
 -213 -234 -213 -234 -181 -197.5 c 128,-1,115
 -149 -161 -149 -161 -118 -117 c 1,116,-1
 -120 -117 l 2,117,118
 -193 -117 -193 -117 -251.5 -134.5 c 128,-1,119
 -310 -152 -310 -152 -351 -177.5 c 128,-1,120
 -392 -203 -392 -203 -414 -231.5 c 128,-1,121
 -436 -260 -436 -260 -436 -282 c 0,108,109
EndSplineSet
