Width: 436
Flags: W
LayerCount: 2
Fore
SplineSet
296 -211 m 0,0,1
 296 -234 296 -234 285 -244 c 128,-1,2
 274 -254 274 -254 263 -254 c 0,3,4
 254 -254 254 -254 247 -248.5 c 128,-1,5
 240 -243 240 -243 240 -233 c 0,6,7
 240 -224 240 -224 240.5 -218 c 128,-1,8
 241 -212 241 -212 242 -207 c 128,-1,9
 243 -202 243 -202 243.5 -195.5 c 128,-1,10
 244 -189 244 -189 244 -179 c 0,11,12
 244 -145 244 -145 206 -129 c 1,13,14
 174 -172 174 -172 138 -209.5 c 128,-1,15
 102 -247 102 -247 59 -274.5 c 128,-1,16
 16 -302 16 -302 -33.5 -318 c 128,-1,17
 -83 -334 -83 -334 -140 -334 c 0,18,19
 -191 -334 -191 -334 -214.5 -317.5 c 128,-1,20
 -238 -301 -238 -301 -238 -275 c 0,21,22
 -238 -250 -238 -250 -214 -220 c 128,-1,23
 -190 -190 -190 -190 -143.5 -164 c 128,-1,24
 -97 -138 -97 -138 -28 -121 c 128,-1,25
 41 -104 41 -104 130 -104 c 0,26,27
 136 -104 136 -104 142 -104 c 128,-1,28
 148 -104 148 -104 154 -105 c 1,29,30
 199 -38 199 -38 233.5 29 c 128,-1,31
 268 96 268 96 289 144 c 0,32,33
 289 145 289 145 288 146 c 0,34,35
 285 149 285 149 285 149 c 2,36,37
 284 149 284 149 281 146 c 0,38,39
 273 136 273 136 250 110.5 c 128,-1,40
 227 85 227 85 195 58 c 128,-1,41
 163 31 163 31 126 10.5 c 128,-1,42
 89 -10 89 -10 54 -10 c 0,43,44
 18 -10 18 -10 1.5 8.5 c 128,-1,45
 -15 27 -15 27 -15 58 c 256,46,47
 -15 89 -15 89 0 129.5 c 128,-1,48
 15 170 15 170 40.5 212 c 128,-1,49
 66 254 66 254 100.5 294 c 128,-1,50
 135 334 135 334 174 365.5 c 128,-1,51
 213 397 213 397 254 416.5 c 128,-1,52
 295 436 295 436 335 436 c 0,53,54
 360 436 360 436 376.5 431.5 c 128,-1,55
 393 427 393 427 403 420 c 128,-1,56
 413 413 413 413 417 406 c 128,-1,57
 421 399 421 399 422 394 c 1,58,-1
 435 421 l 2,59,60
 438 426 438 426 441.5 429.5 c 128,-1,61
 445 433 445 433 452.5 434.5 c 128,-1,62
 460 436 460 436 473.5 436.5 c 128,-1,63
 487 437 487 437 508 437 c 0,64,65
 523 437 523 437 523 432 c 0,66,67
 523 429 523 429 518 424 c 128,-1,68
 513 419 513 419 508 412 c 0,69,70
 499 401 499 401 486 376.5 c 128,-1,71
 473 352 473 352 457 319.5 c 128,-1,72
 441 287 441 287 422.5 251 c 128,-1,73
 404 215 404 215 386 182 c 0,74,75
 350 116 350 116 309 36.5 c 128,-1,76
 268 -43 268 -43 214 -118 c 1,77,78
 259 -135 259 -135 277.5 -162.5 c 128,-1,79
 296 -190 296 -190 296 -211 c 0,0,1
115 58 m 0,80,81
 144 58 144 58 176 78 c 128,-1,82
 208 98 208 98 239 127.5 c 128,-1,83
 270 157 270 157 297 191 c 128,-1,84
 324 225 324 225 342 252 c 0,85,86
 370 294 370 294 385 325 c 128,-1,87
 400 356 400 356 400 377 c 0,88,89
 400 418 400 418 338 418 c 0,90,91
 310 418 310 418 280.5 401 c 128,-1,92
 251 384 251 384 222 356.5 c 128,-1,93
 193 329 193 329 167.5 294 c 128,-1,94
 142 259 142 259 123 223.5 c 128,-1,95
 104 188 104 188 92.5 155 c 128,-1,96
 81 122 81 122 81 99 c 0,97,98
 81 80 81 80 89 69 c 128,-1,99
 97 58 97 58 115 58 c 0,80,81
-128 -318 m 0,100,101
 -89 -318 -89 -318 -52 -302 c 128,-1,102
 -15 -286 -15 -286 19.5 -258 c 128,-1,103
 54 -230 54 -230 85.5 -194 c 128,-1,104
 117 -158 117 -158 146 -117 c 1,105,-1
 136 -117 l 2,106,107
 63 -117 63 -117 4.5 -134.5 c 128,-1,108
 -54 -152 -54 -152 -95 -177.5 c 128,-1,109
 -136 -203 -136 -203 -158 -231.5 c 128,-1,110
 -180 -260 -180 -260 -180 -282 c 0,111,112
 -180 -298 -180 -298 -167 -308 c 128,-1,113
 -154 -318 -154 -318 -128 -318 c 0,100,101
EndSplineSet
