Width: 428
Flags: W
LayerCount: 2
Fore
SplineSet
178 312 m 0,0,1
 176 308 176 308 176 305 c 0,2,3
 176 301 176 301 179 300 c 0,4,5
 180 300 180 300 190 308 c 0,6,7
 211 328 211 328 237.5 351.5 c 128,-1,8
 264 375 264 375 293 394.5 c 128,-1,9
 322 414 322 414 353.5 427 c 128,-1,10
 385 440 385 440 415 440 c 0,11,12
 449 440 449 440 463.5 425 c 128,-1,13
 478 410 478 410 478 384 c 0,14,15
 478 351 478 351 457.5 306.5 c 128,-1,16
 437 262 437 262 404 214.5 c 128,-1,17
 371 167 371 167 329.5 122.5 c 128,-1,18
 288 78 288 78 246 45 c 1,19,20
 270 35 270 35 291 24.5 c 128,-1,21
 312 14 312 14 334 14 c 0,22,23
 347 14 347 14 363 22.5 c 128,-1,24
 379 31 379 31 387 41 c 0,25,26
 391 46 391 46 394 46 c 0,27,28
 401 46 401 46 401 37 c 0,29,30
 401 32 401 32 398 28 c 0,31,32
 396 25 396 25 388.5 17 c 128,-1,33
 381 9 381 9 369 1 c 128,-1,34
 357 -7 357 -7 341.5 -13 c 128,-1,35
 326 -19 326 -19 308 -19 c 0,36,37
 293 -19 293 -19 281.5 -14.5 c 128,-1,38
 270 -10 270 -10 260 -3 c 128,-1,39
 250 4 250 4 240.5 12 c 128,-1,40
 231 20 231 20 220 26 c 1,41,42
 193 8 193 8 168 -2.5 c 128,-1,43
 143 -13 143 -13 122 -13 c 0,44,45
 99 -13 99 -13 99 2 c 0,46,47
 99 9 99 9 106 18.5 c 128,-1,48
 113 28 113 28 125.5 36.5 c 128,-1,49
 138 45 138 45 156 50.5 c 128,-1,50
 174 56 174 56 195 56 c 0,51,52
 202 56 202 56 208.5 55 c 128,-1,53
 215 54 215 54 222 52 c 1,54,55
 252 79 252 79 281 116.5 c 128,-1,56
 310 154 310 154 332.5 193.5 c 128,-1,57
 355 233 355 233 369 271 c 128,-1,58
 383 309 383 309 383 337 c 0,59,60
 383 359 383 359 373.5 372 c 128,-1,61
 364 385 364 385 342 385 c 0,62,63
 322 385 322 385 295 368.5 c 128,-1,64
 268 352 268 352 242 330 c 128,-1,65
 216 308 216 308 194.5 287.5 c 128,-1,66
 173 267 173 267 164 259 c 0,67,68
 162 256 162 256 159 252 c 0,69,70
 157 249 157 249 154.5 245.5 c 128,-1,71
 152 242 152 242 151 239 c 0,72,73
 147 231 147 231 140 217 c 128,-1,74
 133 203 133 203 124.5 184.5 c 128,-1,75
 116 166 116 166 106.5 145 c 128,-1,76
 97 124 97 124 88 103 c 0,77,78
 66 54 66 54 42 -4 c 0,79,80
 39 -8 39 -8 23.5 -11.5 c 128,-1,81
 8 -15 8 -15 -7 -15 c 0,82,83
 -18 -15 -18 -15 -25.5 -12.5 c 128,-1,84
 -33 -10 -33 -10 -33 -5 c 2,85,-1
 -33 -2 l 2,86,87
 -33 -1 -33 -1 -32 -1 c 0,88,89
 -31 1 -31 1 -25.5 14.5 c 128,-1,90
 -20 28 -20 28 -11.5 48 c 128,-1,91
 -3 68 -3 68 8 93.5 c 128,-1,92
 19 119 19 119 31 146 c 0,93,94
 53 196 53 196 80.5 261.5 c 128,-1,95
 108 327 108 327 141 398.5 c 128,-1,96
 174 470 174 470 213 541 c 128,-1,97
 252 612 252 612 297 673 c 1,98,99
 205 698 205 698 157.5 740 c 128,-1,100
 110 782 110 782 110 821 c 0,101,102
 110 855 110 855 147 878 c 128,-1,103
 184 901 184 901 262 901 c 0,104,105
 292 901 292 901 323 896 c 128,-1,106
 354 891 354 891 382 881.5 c 128,-1,107
 410 872 410 872 433 859 c 128,-1,108
 456 846 456 846 471 830 c 1,109,110
 497 842 497 842 524.5 849 c 128,-1,111
 552 856 552 856 581 856 c 0,112,113
 644 856 644 856 678 830 c 128,-1,114
 712 804 712 804 712 770 c 0,115,116
 712 749 712 749 698 728 c 128,-1,117
 684 707 684 707 655.5 689.5 c 128,-1,118
 627 672 627 672 582.5 661.5 c 128,-1,119
 538 651 538 651 477 651 c 0,120,121
 440 651 440 651 407 654 c 128,-1,122
 374 657 374 657 344 662 c 1,123,124
 300 591 300 591 259 501.5 c 128,-1,125
 218 412 218 412 178 312 c 0,0,1
444 815 m 1,126,127
 419 850 419 850 370.5 867.5 c 128,-1,128
 322 885 322 885 273 885 c 0,129,130
 218 885 218 885 189.5 863.5 c 128,-1,131
 161 842 161 842 161 812 c 0,132,133
 161 779 161 779 197 743.5 c 128,-1,134
 233 708 233 708 308 688 c 1,135,136
 339 728 339 728 372.5 760 c 128,-1,137
 406 792 406 792 444 815 c 1,126,127
565 838 m 0,138,139
 543 838 543 838 522.5 831.5 c 128,-1,140
 502 825 502 825 482 814 c 1,141,142
 490 800 490 800 490 787 c 0,143,144
 490 775 490 775 472 775 c 0,145,146
 460 775 460 775 459.5 782 c 128,-1,147
 459 789 459 789 455 794 c 1,148,149
 429 774 429 774 403.5 744.5 c 128,-1,150
 378 715 378 715 354 678 c 1,151,152
 403 669 403 669 464 669 c 0,153,154
 510 669 510 669 544 679 c 128,-1,155
 578 689 578 689 600 704.5 c 128,-1,156
 622 720 622 720 632.5 739 c 128,-1,157
 643 758 643 758 643 776 c 0,158,159
 643 802 643 802 623 820 c 128,-1,160
 603 838 603 838 565 838 c 0,138,139
176 37 m 0,161,162
 152 37 152 37 138.5 29 c 128,-1,163
 125 21 125 21 125 14 c 256,164,165
 125 7 125 7 138 7 c 0,166,167
 152 8 152 8 167.5 15 c 128,-1,168
 183 22 183 22 199 34 c 1,169,170
 188 37 188 37 176 37 c 0,161,162
EndSplineSet
