Width: 228
Flags: W
LayerCount: 2
Fore
SplineSet
278 608 m 0,0,1
 278 594 278 594 265 583.5 c 128,-1,2
 252 573 252 573 234 573 c 256,3,4
 216 573 216 573 203.5 583.5 c 128,-1,5
 191 594 191 594 191 608 c 0,6,7
 191 623 191 623 204 633 c 128,-1,8
 217 643 217 643 235 643 c 256,9,10
 253 643 253 643 265.5 633 c 128,-1,11
 278 623 278 623 278 608 c 0,0,1
114 417 m 0,12,13
 109 417 109 417 106 420.5 c 128,-1,14
 103 424 103 424 103 429 c 0,15,16
 103 438 103 438 112 438 c 0,17,18
 115 438 115 438 122 437.5 c 128,-1,19
 129 437 129 437 137.5 437 c 128,-1,20
 146 437 146 437 155 436.5 c 128,-1,21
 164 436 164 436 171 436 c 0,22,23
 185 436 185 436 194.5 436.5 c 128,-1,24
 204 437 204 437 212 437 c 0,25,26
 222 437 222 437 222 431 c 256,27,28
 222 425 222 425 216 410 c 128,-1,29
 210 395 210 395 195.5 364 c 128,-1,30
 181 333 181 333 158.5 282.5 c 128,-1,31
 136 232 136 232 103 156 c 0,32,33
 88 121 88 121 82 102 c 128,-1,34
 76 83 76 83 76 73 c 0,35,36
 76 62 76 62 81 60.5 c 128,-1,37
 86 59 86 59 92 59 c 0,38,39
 109 59 109 59 138 80.5 c 128,-1,40
 167 102 167 102 193 137 c 0,41,42
 197 141 197 141 200 141 c 0,43,44
 210 141 210 141 210 131 c 0,45,46
 210 128 210 128 209 127 c 0,47,48
 203 116 203 116 184 92.5 c 128,-1,49
 165 69 165 69 139 45.5 c 128,-1,50
 113 22 113 22 84 4.5 c 128,-1,51
 55 -13 55 -13 29 -13 c 0,52,53
 6 -13 6 -13 -2.5 -2 c 128,-1,54
 -11 9 -11 9 -11 27 c 0,55,56
 -11 49 -11 49 -0.5 81 c 128,-1,57
 10 113 10 113 26.5 149.5 c 128,-1,58
 43 186 43 186 61.5 224.5 c 128,-1,59
 80 263 80 263 96.5 297.5 c 128,-1,60
 113 332 113 332 123.5 360 c 128,-1,61
 134 388 134 388 134 404 c 0,62,63
 134 414 134 414 128.5 415.5 c 128,-1,64
 123 417 123 417 114 417 c 0,12,13
EndSplineSet
