Width: 170
Flags: W
LayerCount: 2
Fore
SplineSet
71 232 m 0,0,1
 90 275 90 275 105 310 c 0,2,3
 118 340 118 340 128.5 368 c 128,-1,4
 139 396 139 396 139 404 c 0,5,6
 139 413 139 413 133.5 415 c 128,-1,7
 128 417 128 417 119 417 c 0,8,9
 114 417 114 417 111 420.5 c 128,-1,10
 108 424 108 424 108 429 c 0,11,12
 108 438 108 438 117 438 c 0,13,14
 120 438 120 438 127 437.5 c 128,-1,15
 134 437 134 437 142.5 437 c 128,-1,16
 151 437 151 437 160 436.5 c 128,-1,17
 169 436 169 436 176 436 c 0,18,19
 190 436 190 436 199.5 436.5 c 128,-1,20
 209 437 209 437 217 437 c 0,21,22
 222 437 222 437 225 435.5 c 128,-1,23
 228 434 228 434 228 428 c 0,24,25
 228 423 228 423 224.5 412.5 c 128,-1,26
 221 402 221 402 213.5 383.5 c 128,-1,27
 206 365 206 365 194 338 c 128,-1,28
 182 311 182 311 164 273 c 0,29,30
 145 232 145 232 122 183.5 c 128,-1,31
 99 135 99 135 72 84 c 128,-1,32
 45 33 45 33 13.5 -18.5 c 128,-1,33
 -18 -70 -18 -70 -54 -117 c 1,34,35
 -10 -134 -10 -134 9 -162 c 128,-1,36
 28 -190 28 -190 28 -211 c 0,37,38
 28 -234 28 -234 17 -244 c 128,-1,39
 6 -254 6 -254 -5 -254 c 0,40,41
 -14 -254 -14 -254 -21 -248.5 c 128,-1,42
 -28 -243 -28 -243 -28 -233 c 0,43,44
 -28 -224 -28 -224 -27.5 -218 c 128,-1,45
 -27 -212 -27 -212 -26 -207 c 128,-1,46
 -25 -202 -25 -202 -24.5 -195.5 c 128,-1,47
 -24 -189 -24 -189 -24 -179 c 0,48,49
 -24 -145 -24 -145 -63 -128 c 1,50,51
 -97 -172 -97 -172 -135.5 -209.5 c 128,-1,52
 -174 -247 -174 -247 -217 -275 c 128,-1,53
 -260 -303 -260 -303 -308 -318.5 c 128,-1,54
 -356 -334 -356 -334 -408 -334 c 0,55,56
 -459 -334 -459 -334 -482.5 -317.5 c 128,-1,57
 -506 -301 -506 -301 -506 -275 c 0,58,59
 -506 -250 -506 -250 -482 -220 c 128,-1,60
 -458 -190 -458 -190 -411.5 -164 c 128,-1,61
 -365 -138 -365 -138 -296 -121 c 128,-1,62
 -227 -104 -227 -104 -138 -104 c 0,63,64
 -130 -104 -130 -104 -124 -104 c 128,-1,65
 -118 -104 -118 -104 -111 -105 c 1,66,67
 -57 -27 -57 -27 -11 61 c 128,-1,68
 35 149 35 149 71 232 c 0,0,1
-132 -117 m 2,69,70
 -205 -117 -205 -117 -263 -134.5 c 128,-1,71
 -321 -152 -321 -152 -362 -177 c 128,-1,72
 -403 -202 -403 -202 -425 -230 c 128,-1,73
 -447 -258 -447 -258 -447 -279 c 0,74,75
 -447 -295 -447 -295 -434 -304.5 c 128,-1,76
 -421 -314 -421 -314 -395 -314 c 0,77,78
 -358 -314 -358 -314 -321.5 -299 c 128,-1,79
 -285 -284 -285 -284 -250.5 -258 c 128,-1,80
 -216 -232 -216 -232 -183.5 -195.5 c 128,-1,81
 -151 -159 -151 -159 -120 -117 c 1,82,-1
 -132 -117 l 2,69,70
286 608 m 0,83,84
 286 594 286 594 273 583.5 c 128,-1,85
 260 573 260 573 242 573 c 256,86,87
 224 573 224 573 211.5 583.5 c 128,-1,88
 199 594 199 594 199 608 c 0,89,90
 199 623 199 623 212 633 c 128,-1,91
 225 643 225 643 243 643 c 256,92,93
 261 643 261 643 273.5 633 c 128,-1,94
 286 623 286 623 286 608 c 0,83,84
EndSplineSet
