Width: 470
Flags: W
LayerCount: 2
Fore
SplineSet
581 856 m 0,0,1
 662 856 662 856 702.5 830 c 128,-1,2
 743 804 743 804 743 770 c 0,3,4
 743 750 743 750 728 729.5 c 128,-1,5
 713 709 713 709 683 692.5 c 128,-1,6
 653 676 653 676 608 666 c 128,-1,7
 563 656 563 656 503 656 c 0,8,9
 459 656 459 656 421 660 c 128,-1,10
 383 664 383 664 349 672 c 1,11,12
 302 600 302 600 259 506 c 128,-1,13
 216 412 216 412 174 306 c 0,14,15
 173 304 173 304 167.5 291.5 c 128,-1,16
 162 279 162 279 156 264 c 128,-1,17
 150 249 150 249 145 234.5 c 128,-1,18
 140 220 140 220 140 216 c 0,19,20
 140 214 140 214 141 214 c 256,21,22
 142 214 142 214 144 216 c 0,23,24
 216 294 216 294 269 338 c 128,-1,25
 322 382 322 382 359 403.5 c 128,-1,26
 396 425 396 425 418 429.5 c 128,-1,27
 440 434 440 434 450 434 c 0,28,29
 478 434 478 434 491.5 424 c 128,-1,30
 505 414 505 414 505 398 c 0,31,32
 505 378 505 378 485.5 353.5 c 128,-1,33
 466 329 466 329 427 306 c 0,34,35
 382 279 382 279 345 255 c 128,-1,36
 308 231 308 231 282 207.5 c 128,-1,37
 256 184 256 184 242 159.5 c 128,-1,38
 228 135 228 135 228 106 c 0,39,40
 228 80 228 80 239 65 c 128,-1,41
 250 50 250 50 276 50 c 0,42,43
 303 50 303 50 330 63.5 c 128,-1,44
 357 77 357 77 380.5 97.5 c 128,-1,45
 404 118 404 118 423 142.5 c 128,-1,46
 442 167 442 167 453 189 c 0,47,48
 456 195 456 195 462 195 c 0,49,50
 472 195 472 195 472 185 c 0,51,52
 472 184 472 184 470 178 c 0,53,54
 460 153 460 153 433.5 119.5 c 128,-1,55
 407 86 407 86 371 56 c 128,-1,56
 335 26 335 26 293.5 5 c 128,-1,57
 252 -16 252 -16 212 -16 c 0,58,59
 177 -16 177 -16 153 0 c 128,-1,60
 129 16 129 16 129 45 c 0,61,62
 129 77 129 77 150 109 c 128,-1,63
 171 141 171 141 202.5 170.5 c 128,-1,64
 234 200 234 200 271 227.5 c 128,-1,65
 308 255 308 255 339.5 279 c 128,-1,66
 371 303 371 303 392 322.5 c 128,-1,67
 413 342 413 342 413 356 c 256,68,69
 413 370 413 370 404.5 374 c 128,-1,70
 396 378 396 378 386 378 c 0,71,72
 363 378 363 378 326 355 c 128,-1,73
 289 332 289 332 248 294.5 c 128,-1,74
 207 257 207 257 167.5 210 c 128,-1,75
 128 163 128 163 101 116 c 0,76,77
 93 101 93 101 82.5 80.5 c 128,-1,78
 72 60 72 60 63 41 c 0,79,80
 52 19 52 19 42 -4 c 0,81,82
 39 -8 39 -8 23.5 -11.5 c 128,-1,83
 8 -15 8 -15 -7 -15 c 0,84,85
 -18 -15 -18 -15 -25.5 -12.5 c 128,-1,86
 -33 -10 -33 -10 -33 -5 c 2,87,-1
 -33 -2 l 2,88,89
 -33 -1 -33 -1 -32 -1 c 0,90,91
 -31 1 -31 1 -25.5 14.5 c 128,-1,92
 -20 28 -20 28 -11.5 48 c 128,-1,93
 -3 68 -3 68 8 93.5 c 128,-1,94
 19 119 19 119 31 146 c 0,95,96
 53 197 53 197 81 264.5 c 128,-1,97
 109 332 109 332 143 404.5 c 128,-1,98
 177 477 177 477 217 549.5 c 128,-1,99
 257 622 257 622 304 683 c 1,100,101
 222 709 222 709 179 749 c 128,-1,102
 136 789 136 789 136 826 c 0,103,104
 136 860 136 860 173 883 c 128,-1,105
 210 906 210 906 288 906 c 0,106,107
 317 906 317 906 347 901 c 128,-1,108
 377 896 377 896 404.5 887.5 c 128,-1,109
 432 879 432 879 455 866.5 c 128,-1,110
 478 854 478 854 493 839 c 1,111,112
 536 856 536 856 581 856 c 0,0,1
516 792 m 0,113,114
 516 780 516 780 498 780 c 0,115,116
 491 780 491 780 488 783 c 0,117,118
 486 785 486 785 485 787 c 0,119,120
 482 799 482 799 476 811 c 1,121,122
 445 791 445 791 416 760 c 128,-1,123
 387 729 387 729 359 687 c 1,124,125
 387 681 387 681 419.5 677.5 c 128,-1,126
 452 674 452 674 490 674 c 0,127,128
 535 674 535 674 568.5 683 c 128,-1,129
 602 692 602 692 625 706 c 128,-1,130
 648 720 648 720 659.5 738 c 128,-1,131
 671 756 671 756 671 773 c 0,132,133
 671 799 671 799 645 818.5 c 128,-1,134
 619 838 619 838 565 838 c 0,135,136
 536 838 536 838 505 825 c 1,137,138
 516 809 516 809 516 792 c 0,113,114
299 890 m 0,139,140
 244 890 244 890 215.5 868.5 c 128,-1,141
 187 847 187 847 187 817 c 0,142,143
 187 785 187 785 218.5 752 c 128,-1,144
 250 719 250 719 316 698 c 1,145,146
 350 740 350 740 387 773 c 128,-1,147
 424 806 424 806 465 827 c 1,148,149
 439 859 439 859 392.5 874.5 c 128,-1,150
 346 890 346 890 299 890 c 0,139,140
EndSplineSet
