Width: 231
Flags: W
LayerCount: 2
Fore
SplineSet
27 146 m 0,0,1
 60 216 60 216 93.5 290 c 128,-1,2
 127 364 127 364 162.5 435 c 128,-1,3
 198 506 198 506 237 572 c 128,-1,4
 276 638 276 638 320 692 c 1,5,6
 248 718 248 718 210.5 755.5 c 128,-1,7
 173 793 173 793 173 828 c 0,8,9
 173 862 173 862 210 885 c 128,-1,10
 247 908 247 908 325 908 c 0,11,12
 353 908 353 908 382.5 903.5 c 128,-1,13
 412 899 412 899 439 890.5 c 128,-1,14
 466 882 466 882 488.5 870.5 c 128,-1,15
 511 859 511 859 527 844 c 1,16,17
 571 858 571 858 618 858 c 0,18,19
 699 858 699 858 739.5 832 c 128,-1,20
 780 806 780 806 780 772 c 0,21,22
 780 752 780 752 765 731.5 c 128,-1,23
 750 711 750 711 720 694.5 c 128,-1,24
 690 678 690 678 645 668 c 128,-1,25
 600 658 600 658 540 658 c 0,26,27
 488 658 488 658 443 663.5 c 128,-1,28
 398 669 398 669 360 680 c 1,29,30
 311 611 311 611 267 518.5 c 128,-1,31
 223 426 223 426 176 314 c 0,32,33
 173 308 173 308 165 290.5 c 128,-1,34
 157 273 157 273 146.5 249.5 c 128,-1,35
 136 226 136 226 124.5 199 c 128,-1,36
 113 172 113 172 103.5 147.5 c 128,-1,37
 94 123 94 123 87.5 103.5 c 128,-1,38
 81 84 81 84 81 75 c 0,39,40
 81 67 81 67 85 65.5 c 128,-1,41
 89 64 89 64 96 64 c 0,42,43
 113 64 113 64 140 83 c 128,-1,44
 167 102 167 102 193 137 c 0,45,46
 197 141 197 141 200 141 c 0,47,48
 210 141 210 141 210 131 c 0,49,50
 210 129 210 129 209 127 c 0,51,52
 203 116 203 116 184 92.5 c 128,-1,53
 165 69 165 69 139 45.5 c 128,-1,54
 113 22 113 22 84 4.5 c 128,-1,55
 55 -13 55 -13 29 -13 c 0,56,57
 6 -13 6 -13 -2.5 -2 c 128,-1,58
 -11 9 -11 9 -11 27 c 0,59,60
 -11 51 -11 51 1 82.5 c 128,-1,61
 13 114 13 114 27 146 c 0,0,1
553 794 m 0,62,63
 553 782 553 782 535 782 c 0,64,65
 528 782 528 782 525 785 c 0,66,67
 523 787 523 787 522 789 c 0,68,69
 517 805 517 805 510 818 c 1,70,71
 471 799 471 799 437 767.5 c 128,-1,72
 403 736 403 736 371 694 c 1,73,74
 403 686 403 686 441.5 681 c 128,-1,75
 480 676 480 676 527 676 c 0,76,77
 573 676 573 676 607 686 c 128,-1,78
 641 696 641 696 663 711.5 c 128,-1,79
 685 727 685 727 695.5 746 c 128,-1,80
 706 765 706 765 706 783 c 0,81,82
 706 809 706 809 686 827 c 128,-1,83
 666 845 666 845 628 845 c 0,84,85
 604 845 604 845 582 841.5 c 128,-1,86
 560 838 560 838 539 831 c 1,87,88
 553 812 553 812 553 794 c 0,62,63
497 834 m 1,89,90
 471 863 471 863 426 877.5 c 128,-1,91
 381 892 381 892 336 892 c 0,92,93
 281 892 281 892 252.5 870.5 c 128,-1,94
 224 849 224 849 224 819 c 0,95,96
 224 790 224 790 250.5 759.5 c 128,-1,97
 277 729 277 729 332 707 c 1,98,99
 369 750 369 750 410 782.5 c 128,-1,100
 451 815 451 815 497 834 c 1,89,90
EndSplineSet
