Width: 593
Flags: W
LayerCount: 2
Fore
SplineSet
165 7 m 0,0,1
 176 30 176 30 191 63.5 c 128,-1,2
 206 97 206 97 222.5 134.5 c 128,-1,3
 239 172 239 172 255 210 c 128,-1,4
 271 248 271 248 284 280 c 128,-1,5
 297 312 297 312 305 334.5 c 128,-1,6
 313 357 313 357 313 364 c 256,7,8
 313 371 313 371 305 371 c 0,9,10
 293 371 293 371 274 355.5 c 128,-1,11
 255 340 255 340 233 314.5 c 128,-1,12
 211 289 211 289 188 258 c 128,-1,13
 165 227 165 227 144 195.5 c 128,-1,14
 123 164 123 164 106.5 135.5 c 128,-1,15
 90 107 90 107 82 88 c 256,16,17
 74 69 74 69 66.5 52.5 c 128,-1,18
 59 36 59 36 54 23 c 0,19,20
 48 8 48 8 42 -4 c 0,21,22
 39 -8 39 -8 23.5 -11.5 c 128,-1,23
 8 -15 8 -15 -7 -15 c 0,24,25
 -18 -15 -18 -15 -25.5 -12.5 c 128,-1,26
 -33 -10 -33 -10 -33 -5 c 2,27,-1
 -33 -2 l 2,28,29
 -33 -1 -33 -1 -32 -1 c 0,30,31
 -31 1 -31 1 -25.5 14.5 c 128,-1,32
 -20 28 -20 28 -11.5 48 c 128,-1,33
 -3 68 -3 68 8 93.5 c 128,-1,34
 19 119 19 119 31 146 c 0,35,36
 61 212 61 212 81.5 257.5 c 128,-1,37
 102 303 102 303 114.5 333 c 128,-1,38
 127 363 127 363 132.5 380 c 128,-1,39
 138 397 138 397 138 405 c 0,40,41
 138 414 138 414 133 415.5 c 128,-1,42
 128 417 128 417 119 417 c 0,43,44
 114 417 114 417 111 420.5 c 128,-1,45
 108 424 108 424 108 429 c 0,46,47
 108 438 108 438 117 438 c 0,48,49
 120 438 120 438 127 437.5 c 128,-1,50
 134 437 134 437 142.5 437 c 128,-1,51
 151 437 151 437 160 436.5 c 128,-1,52
 169 436 169 436 176 436 c 0,53,54
 190 436 190 436 199.5 436.5 c 128,-1,55
 209 437 209 437 217 437 c 0,56,57
 227 437 227 437 227 430 c 0,58,59
 227 422 227 422 218 403.5 c 128,-1,60
 209 385 209 385 192 343 c 2,61,-1
 156 251 l 2,62,63
 156 247 156 247 159 246 c 0,64,65
 174 265 174 265 199 297 c 128,-1,66
 224 329 224 329 252.5 360 c 128,-1,67
 281 391 281 391 310 413.5 c 128,-1,68
 339 436 339 436 364 436 c 0,69,70
 379 436 379 436 386.5 425.5 c 128,-1,71
 394 415 394 415 394 400 c 0,72,73
 394 381 394 381 386 355.5 c 128,-1,74
 378 330 378 330 368 306 c 128,-1,75
 358 282 358 282 350 262.5 c 128,-1,76
 342 243 342 243 342 237 c 0,77,78
 342 235 342 235 344 235 c 0,79,80
 360 254 360 254 387.5 288 c 128,-1,81
 415 322 415 322 447 356 c 128,-1,82
 479 390 479 390 513 415 c 128,-1,83
 547 440 547 440 577 440 c 0,84,85
 611 440 611 440 625.5 425 c 128,-1,86
 640 410 640 410 640 384 c 0,87,88
 640 351 640 351 619.5 306.5 c 128,-1,89
 599 262 599 262 566 214.5 c 128,-1,90
 533 167 533 167 491.5 122.5 c 128,-1,91
 450 78 450 78 408 45 c 1,92,93
 432 35 432 35 453 24.5 c 128,-1,94
 474 14 474 14 496 14 c 0,95,96
 507 14 507 14 522.5 20.5 c 128,-1,97
 538 27 538 27 549 41 c 0,98,99
 553 46 553 46 556 46 c 0,100,101
 563 46 563 46 563 37 c 0,102,103
 563 32 563 32 560 28 c 0,104,105
 558 25 558 25 550.5 17 c 128,-1,106
 543 9 543 9 531 1 c 128,-1,107
 519 -7 519 -7 503.5 -13 c 128,-1,108
 488 -19 488 -19 470 -19 c 0,109,110
 455 -19 455 -19 443.5 -14.5 c 128,-1,111
 432 -10 432 -10 422 -3 c 128,-1,112
 412 4 412 4 402.5 12 c 128,-1,113
 393 20 393 20 382 26 c 1,114,115
 355 8 355 8 330 -2.5 c 128,-1,116
 305 -13 305 -13 284 -13 c 0,117,118
 261 -13 261 -13 261 2 c 0,119,120
 261 9 261 9 268 18.5 c 128,-1,121
 275 28 275 28 287.5 36.5 c 128,-1,122
 300 45 300 45 318 50.5 c 128,-1,123
 336 56 336 56 357 56 c 0,124,125
 370 56 370 56 382 53 c 1,126,127
 413 83 413 83 443.5 125 c 128,-1,128
 474 167 474 167 498 210 c 128,-1,129
 522 253 522 253 536.5 292.5 c 128,-1,130
 551 332 551 332 551 356 c 0,131,132
 551 384 551 384 531 384 c 0,133,134
 514 384 514 384 483 357.5 c 128,-1,135
 452 331 452 331 417.5 292 c 128,-1,136
 383 253 383 253 350.5 209 c 128,-1,137
 318 165 318 165 298 130 c 0,138,139
 289 115 289 115 280.5 97.5 c 128,-1,140
 272 80 272 80 264 62.5 c 128,-1,141
 256 45 256 45 249.5 29.5 c 128,-1,142
 243 14 243 14 239 4 c 0,143,144
 236 0 236 0 220.5 -3.5 c 128,-1,145
 205 -7 205 -7 190 -7 c 0,146,147
 179 -7 179 -7 171.5 -4.5 c 128,-1,148
 164 -2 164 -2 164 3 c 2,149,-1
 164 6 l 2,150,151
 164 7 164 7 165 7 c 0,0,1
338 37 m 0,152,153
 314 37 314 37 300.5 29 c 128,-1,154
 287 21 287 21 287 14 c 256,155,156
 287 7 287 7 300 7 c 0,157,158
 314 8 314 8 329 15 c 128,-1,159
 344 22 344 22 360 34 c 1,160,161
 349 37 349 37 338 37 c 0,152,153
EndSplineSet
