Width: 432
Flags: W
LayerCount: 2
Fore
SplineSet
176 305 m 2,0,1
 176 301 176 301 179 300 c 0,2,3
 180 300 180 300 190 308 c 0,4,5
 211 328 211 328 237.5 351.5 c 128,-1,6
 264 375 264 375 293 394.5 c 128,-1,7
 322 414 322 414 353.5 427 c 128,-1,8
 385 440 385 440 415 440 c 0,9,10
 449 440 449 440 463.5 425 c 128,-1,11
 478 410 478 410 478 384 c 0,12,13
 478 351 478 351 457.5 306.5 c 128,-1,14
 437 262 437 262 404 214.5 c 128,-1,15
 371 167 371 167 329.5 122.5 c 128,-1,16
 288 78 288 78 246 45 c 1,17,18
 270 35 270 35 291 24.5 c 128,-1,19
 312 14 312 14 334 14 c 0,20,21
 345 14 345 14 360.5 20.5 c 128,-1,22
 376 27 376 27 387 41 c 0,23,24
 390 45 390 45 391 45.5 c 128,-1,25
 392 46 392 46 394 46 c 0,26,27
 401 46 401 46 401 37 c 0,28,29
 401 32 401 32 398 28 c 0,30,31
 396 25 396 25 388.5 17 c 128,-1,32
 381 9 381 9 369 1 c 128,-1,33
 357 -7 357 -7 341.5 -13 c 128,-1,34
 326 -19 326 -19 308 -19 c 0,35,36
 293 -19 293 -19 281.5 -14.5 c 128,-1,37
 270 -10 270 -10 260 -3 c 128,-1,38
 250 4 250 4 240.5 12 c 128,-1,39
 231 20 231 20 220 26 c 1,40,41
 193 8 193 8 168 -2.5 c 128,-1,42
 143 -13 143 -13 122 -13 c 0,43,44
 99 -13 99 -13 99 2 c 0,45,46
 99 9 99 9 106 18.5 c 128,-1,47
 113 28 113 28 125.5 36.5 c 128,-1,48
 138 45 138 45 156 50.5 c 128,-1,49
 174 56 174 56 195 56 c 0,50,51
 202 56 202 56 208.5 55 c 128,-1,52
 215 54 215 54 222 52 c 1,53,54
 252 79 252 79 281 117 c 128,-1,55
 310 155 310 155 332.5 195 c 128,-1,56
 355 235 355 235 369 273 c 128,-1,57
 383 311 383 311 383 338 c 0,58,59
 383 359 383 359 373.5 372 c 128,-1,60
 364 385 364 385 342 385 c 0,61,62
 323 385 323 385 293.5 367 c 128,-1,63
 264 349 264 349 235 325 c 128,-1,64
 206 301 206 301 182.5 276.5 c 128,-1,65
 159 252 159 252 151 239 c 0,66,67
 146 232 146 232 139 217.5 c 128,-1,68
 132 203 132 203 124 184.5 c 128,-1,69
 116 166 116 166 106.5 145 c 128,-1,70
 97 124 97 124 88 103 c 0,71,72
 67 54 67 54 42 -4 c 0,73,74
 39 -8 39 -8 23.5 -11.5 c 128,-1,75
 8 -15 8 -15 -7 -15 c 0,76,77
 -18 -15 -18 -15 -25.5 -12.5 c 128,-1,78
 -33 -10 -33 -10 -33 -5 c 2,79,-1
 -33 -2 l 2,80,81
 -33 -1 -33 -1 -32 -1 c 0,82,83
 -25 18 -25 18 -9.5 52.5 c 128,-1,84
 6 87 6 87 24.5 128.5 c 128,-1,85
 43 170 43 170 63.5 214 c 128,-1,86
 84 258 84 258 100.5 297 c 128,-1,87
 117 336 117 336 127.5 365 c 128,-1,88
 138 394 138 394 138 405 c 0,89,90
 138 414 138 414 133 415.5 c 128,-1,91
 128 417 128 417 119 417 c 0,92,93
 114 417 114 417 111 420.5 c 128,-1,94
 108 424 108 424 108 429 c 0,95,96
 108 438 108 438 117 438 c 0,97,98
 120 438 120 438 127 437.5 c 128,-1,99
 134 437 134 437 142.5 437 c 128,-1,100
 151 437 151 437 160 436.5 c 128,-1,101
 169 436 169 436 176 436 c 0,102,103
 190 436 190 436 199.5 436.5 c 128,-1,104
 209 437 209 437 217 437 c 0,105,106
 227 437 227 437 227 430 c 0,107,108
 227 422 227 422 218 403.5 c 128,-1,109
 209 385 209 385 192 343 c 2,110,-1
 176 305 l 2,0,1
176 37 m 0,111,112
 152 37 152 37 138.5 29 c 128,-1,113
 125 21 125 21 125 14 c 256,114,115
 125 7 125 7 138 7 c 0,116,117
 152 8 152 8 167.5 15 c 128,-1,118
 183 22 183 22 199 34 c 1,119,120
 188 37 188 37 176 37 c 0,111,112
EndSplineSet
