Width: 385
Flags: W
LayerCount: 2
Fore
SplineSet
99 -10 m 0,0,1
 45 -10 45 -10 22.5 17 c 128,-1,2
 0 44 0 44 0 87 c 0,3,4
 0 137 0 137 27 198.5 c 128,-1,5
 54 260 54 260 97.5 314 c 128,-1,6
 141 368 141 368 196 404.5 c 128,-1,7
 251 441 251 441 307 441 c 0,8,9
 362 441 362 441 386 413.5 c 128,-1,10
 410 386 410 386 410 342 c 0,11,12
 410 309 410 309 397.5 270 c 128,-1,13
 385 231 385 231 363.5 192 c 128,-1,14
 342 153 342 153 312 116.5 c 128,-1,15
 282 80 282 80 247.5 52 c 128,-1,16
 213 24 213 24 175 7 c 128,-1,17
 137 -10 137 -10 99 -10 c 0,0,1
260 402 m 0,18,19
 228 402 228 402 197 374 c 128,-1,20
 166 346 166 346 141 304 c 128,-1,21
 116 262 116 262 101 214 c 128,-1,22
 86 166 86 166 86 126 c 0,23,24
 86 90 86 90 101 66 c 128,-1,25
 116 42 116 42 150 42 c 0,26,27
 187 42 187 42 222 68.5 c 128,-1,28
 257 95 257 95 284.5 135 c 128,-1,29
 312 175 312 175 328.5 221.5 c 128,-1,30
 345 268 345 268 345 308 c 0,31,32
 345 349 345 349 325.5 375.5 c 128,-1,33
 306 402 306 402 260 402 c 0,18,19
EndSplineSet
