Width: 399
Flags: W
LayerCount: 2
Fore
SplineSet
136 404 m 256,0,1
 136 412 136 412 131 413.5 c 128,-1,2
 126 415 126 415 118 415 c 0,3,4
 113 415 113 415 110 418.5 c 128,-1,5
 107 422 107 422 107 427 c 0,6,7
 107 436 107 436 116 436 c 0,8,9
 119 436 119 436 126 435.5 c 128,-1,10
 133 435 133 435 141.5 435 c 128,-1,11
 150 435 150 435 159 434.5 c 128,-1,12
 168 434 168 434 175 434 c 0,13,14
 189 434 189 434 198.5 434.5 c 128,-1,15
 208 435 208 435 216 435 c 256,16,17
 224 435 224 435 224 428 c 0,18,19
 224 419 224 419 207 384 c 128,-1,20
 190 349 190 349 161 272 c 1,21,22
 161 272 161 272 162 271 c 1,23,24
 183 303 183 303 208 331.5 c 128,-1,25
 233 360 233 360 260 381.5 c 128,-1,26
 287 403 287 403 314 415.5 c 128,-1,27
 341 428 341 428 366 428 c 0,28,29
 403 428 403 428 419.5 408 c 128,-1,30
 436 388 436 388 436 356 c 0,31,32
 436 325 436 325 422.5 285 c 128,-1,33
 409 245 409 245 385.5 203.5 c 128,-1,34
 362 162 362 162 330.5 122.5 c 128,-1,35
 299 83 299 83 264 52.5 c 128,-1,36
 229 22 229 22 191.5 3 c 128,-1,37
 154 -16 154 -16 119 -16 c 0,38,39
 91 -16 91 -16 79 -2 c 128,-1,40
 67 12 67 12 67 26 c 0,41,42
 67 36 67 36 72 43 c 128,-1,43
 77 50 77 50 86 50 c 0,44,45
 89 50 89 50 93 48 c 0,46,47
 101 44 101 44 101 32 c 0,48,49
 101 16 101 16 106 9.5 c 128,-1,50
 111 3 111 3 126 3 c 0,51,52
 154 3 154 3 181 20.5 c 128,-1,53
 208 38 208 38 232 66 c 128,-1,54
 256 94 256 94 276.5 130 c 128,-1,55
 297 166 297 166 311.5 203 c 128,-1,56
 326 240 326 240 334 274.5 c 128,-1,57
 342 309 342 309 342 335 c 0,58,59
 342 358 342 358 335 371 c 128,-1,60
 328 384 328 384 314 384 c 0,61,62
 282 384 282 384 242.5 346 c 128,-1,63
 203 308 203 308 161 248 c 0,64,65
 148 230 148 230 139 214.5 c 128,-1,66
 130 199 130 199 123 188 c 0,67,68
 115 175 115 175 110 163 c 0,69,70
 24 -37 24 -37 -47 -148 c 1,71,72
 -34 -146 -34 -146 -21.5 -146 c 128,-1,73
 -9 -146 -9 -146 5 -146 c 0,74,75
 61 -146 61 -146 94 -164.5 c 128,-1,76
 127 -183 127 -183 127 -209 c 0,77,78
 127 -220 127 -220 120.5 -227 c 128,-1,79
 114 -234 114 -234 107 -234 c 0,80,81
 97 -234 97 -234 93 -222 c 0,82,83
 82 -194 82 -194 50 -179.5 c 128,-1,84
 18 -165 18 -165 -24 -165 c 0,85,86
 -33 -165 -33 -165 -42 -165 c 128,-1,87
 -51 -165 -51 -165 -59 -166 c 1,88,89
 -76 -190 -76 -190 -93 -210.5 c 128,-1,90
 -110 -231 -110 -231 -127 -248 c 0,91,92
 -160 -280 -160 -280 -204 -299 c 128,-1,93
 -248 -318 -248 -318 -282 -318 c 0,94,95
 -302 -318 -302 -318 -315 -310 c 128,-1,96
 -328 -302 -328 -302 -328 -285 c 0,97,98
 -328 -270 -328 -270 -313.5 -252 c 128,-1,99
 -299 -234 -299 -234 -271.5 -216 c 128,-1,100
 -244 -198 -244 -198 -204.5 -182 c 128,-1,101
 -165 -166 -165 -166 -115 -157 c 1,102,103
 -86 -108 -86 -108 -56.5 -49.5 c 128,-1,104
 -27 9 -27 9 1 71 c 128,-1,105
 29 133 29 133 54.5 194.5 c 128,-1,106
 80 256 80 256 103 310 c 0,107,108
 118 345 118 345 127 370.5 c 128,-1,109
 136 396 136 396 136 404 c 256,0,1
-297 -279 m 0,110,111
 -297 -293 -297 -293 -290 -298.5 c 128,-1,112
 -283 -304 -283 -304 -272 -304 c 0,113,114
 -255 -304 -255 -304 -234.5 -293.5 c 128,-1,115
 -214 -283 -214 -283 -199 -269 c 0,116,117
 -181 -252 -181 -252 -163 -228.5 c 128,-1,118
 -145 -205 -145 -205 -126 -176 c 1,119,120
 -165 -184 -165 -184 -197 -197 c 128,-1,121
 -229 -210 -229 -210 -251 -224.5 c 128,-1,122
 -273 -239 -273 -239 -285 -253.5 c 128,-1,123
 -297 -268 -297 -268 -297 -279 c 0,110,111
EndSplineSet
