Width: 434
Flags: W
LayerCount: 2
Fore
SplineSet
408 -258 m 0,0,1
 408 -292 408 -292 379.5 -318.5 c 128,-1,2
 351 -345 351 -345 300 -345 c 0,3,4
 238 -345 238 -345 213 -308 c 128,-1,5
 188 -271 188 -271 188 -214 c 0,6,7
 188 -191 188 -191 191 -165 c 1,8,9
 155 -170 155 -170 133.5 -185 c 128,-1,10
 112 -200 112 -200 112 -226 c 0,11,12
 112 -236 112 -236 113 -241 c 128,-1,13
 114 -246 114 -246 115 -249.5 c 128,-1,14
 116 -253 116 -253 117 -257.5 c 128,-1,15
 118 -262 118 -262 118 -271 c 0,16,17
 118 -282 118 -282 109 -289 c 128,-1,18
 100 -296 100 -296 89 -296 c 256,19,20
 78 -296 78 -296 69 -287.5 c 128,-1,21
 60 -279 60 -279 60 -258 c 0,22,23
 60 -245 60 -245 67.5 -229 c 128,-1,24
 75 -213 75 -213 91 -197.5 c 128,-1,25
 107 -182 107 -182 132 -169.5 c 128,-1,26
 157 -157 157 -157 193 -152 c 1,27,28
 199 -112 199 -112 211 -69.5 c 128,-1,29
 223 -27 223 -27 237.5 12.5 c 128,-1,30
 252 52 252 52 266.5 86 c 128,-1,31
 281 120 281 120 293 144 c 0,32,33
 293 145 293 145 292 146 c 0,34,35
 289 149 289 149 289 149 c 2,36,37
 288 149 288 149 285 146 c 0,38,39
 277 136 277 136 254 110.5 c 128,-1,40
 231 85 231 85 199 58 c 128,-1,41
 167 31 167 31 130 10.5 c 128,-1,42
 93 -10 93 -10 58 -10 c 0,43,44
 22 -10 22 -10 5.5 8.5 c 128,-1,45
 -11 27 -11 27 -11 58 c 256,46,47
 -11 89 -11 89 4 129.5 c 128,-1,48
 19 170 19 170 44.5 212 c 128,-1,49
 70 254 70 254 104.5 294 c 128,-1,50
 139 334 139 334 178 365.5 c 128,-1,51
 217 397 217 397 258 416.5 c 128,-1,52
 299 436 299 436 339 436 c 0,53,54
 364 436 364 436 380.5 431.5 c 128,-1,55
 397 427 397 427 407 420 c 128,-1,56
 417 413 417 413 421 406 c 128,-1,57
 425 399 425 399 426 394 c 1,58,-1
 439 421 l 2,59,60
 442 426 442 426 445.5 429.5 c 128,-1,61
 449 433 449 433 456.5 434.5 c 128,-1,62
 464 436 464 436 477.5 436.5 c 128,-1,63
 491 437 491 437 512 437 c 0,64,65
 527 437 527 437 527 432 c 0,66,67
 527 429 527 429 522 424 c 128,-1,68
 517 419 517 419 512 412 c 0,69,70
 503 401 503 401 489.5 376.5 c 128,-1,71
 476 352 476 352 459.5 320.5 c 128,-1,72
 443 289 443 289 425 252.5 c 128,-1,73
 407 216 407 216 390 182 c 0,74,75
 377 157 377 157 358.5 118.5 c 128,-1,76
 340 80 340 80 320 35.5 c 128,-1,77
 300 -9 300 -9 282 -57 c 128,-1,78
 264 -105 264 -105 252 -150 c 1,79,80
 293 -152 293 -152 322.5 -162.5 c 128,-1,81
 352 -173 352 -173 371 -188 c 128,-1,82
 390 -203 390 -203 399 -221.5 c 128,-1,83
 408 -240 408 -240 408 -258 c 0,0,1
119 58 m 0,84,85
 148 58 148 58 180 78 c 128,-1,86
 212 98 212 98 243 127.5 c 128,-1,87
 274 157 274 157 301 191 c 128,-1,88
 328 225 328 225 346 252 c 0,89,90
 374 294 374 294 389 325 c 128,-1,91
 404 356 404 356 404 377 c 0,92,93
 404 418 404 418 342 418 c 0,94,95
 314 418 314 418 284.5 401 c 128,-1,96
 255 384 255 384 226 356.5 c 128,-1,97
 197 329 197 329 171.5 294 c 128,-1,98
 146 259 146 259 127 223.5 c 128,-1,99
 108 188 108 188 96.5 155 c 128,-1,100
 85 122 85 122 85 99 c 0,101,102
 85 80 85 80 93 69 c 128,-1,103
 101 58 101 58 119 58 c 0,84,85
238 -243 m 0,104,105
 238 -282 238 -282 254 -305.5 c 128,-1,106
 270 -329 270 -329 310 -329 c 0,107,108
 332 -329 332 -329 344.5 -311.5 c 128,-1,109
 357 -294 357 -294 357 -270 c 0,110,111
 357 -254 357 -254 351 -237.5 c 128,-1,112
 345 -221 345 -221 331.5 -206 c 128,-1,113
 318 -191 318 -191 297.5 -180 c 128,-1,114
 277 -169 277 -169 248 -165 c 1,115,116
 243 -186 243 -186 240.5 -206 c 128,-1,117
 238 -226 238 -226 238 -243 c 0,104,105
EndSplineSet
