Width: 339
Flags: W
LayerCount: 2
Fore
SplineSet
31 146 m 0,0,1
 61 213 61 213 82 259 c 128,-1,2
 103 305 103 305 115.5 335 c 128,-1,3
 128 365 128 365 133.5 381 c 128,-1,4
 139 397 139 397 139 405 c 0,5,6
 139 412 139 412 133.5 413.5 c 128,-1,7
 128 415 128 415 120 415 c 0,8,9
 115 415 115 415 112 418.5 c 128,-1,10
 109 422 109 422 109 427 c 0,11,12
 109 436 109 436 118 436 c 0,13,14
 121 436 121 436 128 435.5 c 128,-1,15
 135 435 135 435 143.5 435 c 128,-1,16
 152 435 152 435 161 434.5 c 128,-1,17
 170 434 170 434 177 434 c 0,18,19
 191 434 191 434 200.5 434.5 c 128,-1,20
 210 435 210 435 218 435 c 256,21,22
 226 435 226 435 226 428 c 0,23,24
 226 419 226 419 213 390 c 128,-1,25
 200 361 200 361 172 297 c 0,26,27
 171 295 171 295 166 284 c 128,-1,28
 161 273 161 273 155 259.5 c 128,-1,29
 149 246 149 246 144.5 233 c 128,-1,30
 140 220 140 220 140 216 c 0,31,32
 140 214 140 214 141 214 c 256,33,34
 142 214 142 214 144 216 c 0,35,36
 161 241 161 241 188.5 278 c 128,-1,37
 216 315 216 315 249 350 c 128,-1,38
 282 385 282 385 319 410 c 128,-1,39
 356 435 356 435 393 435 c 0,40,41
 416 435 416 435 426.5 424 c 128,-1,42
 437 413 437 413 437 401 c 0,43,44
 437 390 437 390 430.5 382 c 128,-1,45
 424 374 424 374 413 374 c 0,46,47
 362 374 362 374 317.5 352.5 c 128,-1,48
 273 331 273 331 234.5 295 c 128,-1,49
 196 259 196 259 163 212.5 c 128,-1,50
 130 166 130 166 101 116 c 0,51,52
 93 101 93 101 82.5 80.5 c 128,-1,53
 72 60 72 60 63 41 c 0,54,55
 52 19 52 19 42 -4 c 0,56,57
 39 -8 39 -8 23.5 -11.5 c 128,-1,58
 8 -15 8 -15 -7 -15 c 0,59,60
 -18 -15 -18 -15 -25.5 -12.5 c 128,-1,61
 -33 -10 -33 -10 -33 -5 c 2,62,-1
 -33 -2 l 2,63,64
 -33 -1 -33 -1 -32 -1 c 0,65,66
 -31 1 -31 1 -25.5 14.5 c 128,-1,67
 -20 28 -20 28 -11.5 48 c 128,-1,68
 -3 68 -3 68 8 93.5 c 128,-1,69
 19 119 19 119 31 146 c 0,0,1
EndSplineSet
