Width: 343
Flags: W
LayerCount: 2
Fore
SplineSet
344 358 m 0,0,1
 336 358 336 358 330 362.5 c 128,-1,2
 324 367 324 367 324 375 c 0,3,4
 324 381 324 381 328 390.5 c 128,-1,5
 332 400 332 400 332 405 c 0,6,7
 332 416 332 416 321 422 c 128,-1,8
 310 428 310 428 294 428 c 0,9,10
 281 428 281 428 267.5 424 c 128,-1,11
 254 420 254 420 242.5 412.5 c 128,-1,12
 231 405 231 405 224 393 c 128,-1,13
 217 381 217 381 217 365 c 0,14,15
 217 342 217 342 231 317.5 c 128,-1,16
 245 293 245 293 261.5 267.5 c 128,-1,17
 278 242 278 242 292 215 c 128,-1,18
 306 188 306 188 306 161 c 0,19,20
 306 118 306 118 286 85 c 128,-1,21
 266 52 266 52 235 29.5 c 128,-1,22
 204 7 204 7 165 -5 c 128,-1,23
 126 -17 126 -17 89 -17 c 0,24,25
 51 -17 51 -17 24 -7.5 c 128,-1,26
 -3 2 -3 2 -21 17.5 c 128,-1,27
 -39 33 -39 33 -47.5 53.5 c 128,-1,28
 -56 74 -56 74 -56 96 c 0,29,30
 -56 120 -56 120 -46 143 c 128,-1,31
 -36 166 -36 166 -17.5 184 c 128,-1,32
 1 202 1 202 28.5 213 c 128,-1,33
 56 224 56 224 92 224 c 0,34,35
 130 224 130 224 147.5 206 c 128,-1,36
 165 188 165 188 165 168 c 0,37,38
 165 151 165 151 154 138.5 c 128,-1,39
 143 126 143 126 123 126 c 0,40,41
 110 126 110 126 110 135 c 0,42,43
 110 141 110 141 112.5 150 c 128,-1,44
 115 159 115 159 115 173 c 0,45,46
 115 188 115 188 105 197 c 128,-1,47
 95 206 95 206 78 206 c 0,48,49
 57 206 57 206 40.5 197.5 c 128,-1,50
 24 189 24 189 12.5 175 c 128,-1,51
 1 161 1 161 -4.5 143 c 128,-1,52
 -10 125 -10 125 -10 106 c 256,53,54
 -10 87 -10 87 -4 68.5 c 128,-1,55
 2 50 2 50 15 36 c 128,-1,56
 28 22 28 22 47 13 c 128,-1,57
 66 4 66 4 93 4 c 0,58,59
 115 4 115 4 136.5 12.5 c 128,-1,60
 158 21 158 21 175 38 c 128,-1,61
 192 55 192 55 203 80.5 c 128,-1,62
 214 106 214 106 214 141 c 0,63,64
 214 163 214 163 202 188.5 c 128,-1,65
 190 214 190 214 175.5 239 c 128,-1,66
 161 264 161 264 149 287.5 c 128,-1,67
 137 311 137 311 137 331 c 0,68,69
 137 360 137 360 151.5 382 c 128,-1,70
 166 404 166 404 188.5 418.5 c 128,-1,71
 211 433 211 433 238.5 440.5 c 128,-1,72
 266 448 266 448 292 448 c 0,73,74
 327 448 327 448 353 434.5 c 128,-1,75
 379 421 379 421 379 395 c 0,76,77
 379 382 379 382 369.5 370 c 128,-1,78
 360 358 360 358 344 358 c 0,0,1
EndSplineSet
