Width: 244
Flags: W
LayerCount: 2
Fore
SplineSet
-31 499 m 0,0,1
 -35 503 -35 503 -35 506 c 0,2,3
 -35 511 -35 511 -28 511 c 0,4,5
 -25 511 -25 511 -21 509 c 0,6,7
 -7 501 -7 501 7.5 495 c 128,-1,8
 22 489 22 489 39.5 485 c 128,-1,9
 57 481 57 481 78.5 478.5 c 128,-1,10
 100 476 100 476 128 476 c 0,11,12
 142 476 142 476 155 476 c 128,-1,13
 168 476 168 476 181 478 c 1,14,15
 209 542 209 542 209 556 c 0,16,17
 209 565 209 565 203 565 c 256,18,19
 197 565 197 565 197 571 c 0,20,21
 197 576 197 576 201.5 581 c 128,-1,22
 206 586 206 586 213 586 c 0,23,24
 218 586 218 586 232 585 c 128,-1,25
 246 584 246 584 260 584 c 256,26,27
 274 584 274 584 283.5 584.5 c 128,-1,28
 293 585 293 585 301 585 c 0,29,30
 305 585 305 585 305 580 c 0,31,32
 305 571 305 571 295 549 c 128,-1,33
 285 527 285 527 267 490 c 1,34,35
 311 498 311 498 354.5 508.5 c 128,-1,36
 398 519 398 519 441 528 c 128,-1,37
 484 537 484 537 527 543.5 c 128,-1,38
 570 550 570 550 613 550 c 0,39,40
 641 550 641 550 659.5 546 c 128,-1,41
 678 542 678 542 689.5 535.5 c 128,-1,42
 701 529 701 529 705.5 521 c 128,-1,43
 710 513 710 513 710 506 c 0,44,45
 710 497 710 497 704.5 490.5 c 128,-1,46
 699 484 699 484 692 484 c 0,47,48
 683 484 683 484 674.5 488.5 c 128,-1,49
 666 493 666 493 654.5 498 c 128,-1,50
 643 503 643 503 625.5 507.5 c 128,-1,51
 608 512 608 512 581 512 c 0,52,53
 505 512 505 512 421.5 497 c 128,-1,54
 338 482 338 482 258 470 c 1,55,56
 249 452 249 452 233 417.5 c 128,-1,57
 217 383 217 383 198 341.5 c 128,-1,58
 179 300 179 300 159 256 c 128,-1,59
 139 212 139 212 123 174.5 c 128,-1,60
 107 137 107 137 96.5 110.5 c 128,-1,61
 86 84 86 84 86 78 c 0,62,63
 86 59 86 59 101 59 c 0,64,65
 110 59 110 59 123.5 66 c 128,-1,66
 137 73 137 73 152 84 c 128,-1,67
 167 95 167 95 182 109 c 128,-1,68
 197 123 197 123 209 137 c 0,69,70
 213 141 213 141 216 141 c 0,71,72
 226 141 226 141 226 131 c 0,73,74
 226 128 226 128 225 127 c 0,75,76
 219 116 219 116 198.5 92.5 c 128,-1,77
 178 69 178 69 150 45.5 c 128,-1,78
 122 22 122 22 91.5 4.5 c 128,-1,79
 61 -13 61 -13 35 -13 c 0,80,81
 12 -13 12 -13 3.5 -2 c 128,-1,82
 -5 9 -5 9 -5 27 c 0,83,84
 -5 51 -5 51 7 82.5 c 128,-1,85
 19 114 19 114 33 146 c 0,86,87
 74 237 74 237 111.5 319.5 c 128,-1,88
 149 402 149 402 174 461 c 1,89,90
 163 460 163 460 152.5 460 c 128,-1,91
 142 460 142 460 132 460 c 0,92,93
 98 461 98 461 66 465 c 0,94,95
 39 469 39 469 11.5 477 c 128,-1,96
 -16 485 -16 485 -31 499 c 0,0,1
EndSplineSet
