Width: 464
Flags: W
LayerCount: 2
Fore
SplineSet
339 298 m 0,0,1
 360 346 360 346 370 378.5 c 128,-1,2
 380 411 380 411 380 426 c 0,3,4
 380 430 380 430 381 432.5 c 128,-1,5
 382 435 382 435 388.5 436.5 c 128,-1,6
 395 438 395 438 409 438 c 128,-1,7
 423 438 423 438 448 438 c 0,8,9
 456 438 456 438 461 436.5 c 128,-1,10
 466 435 466 435 466 431 c 0,11,12
 466 425 466 425 460 410.5 c 128,-1,13
 454 396 454 396 440.5 365.5 c 128,-1,14
 427 335 427 335 405 285.5 c 128,-1,15
 383 236 383 236 350 161 c 0,16,17
 335 126 335 126 329 107 c 128,-1,18
 323 88 323 88 323 78 c 0,19,20
 323 67 323 67 328 65.5 c 128,-1,21
 333 64 333 64 339 64 c 0,22,23
 356 64 356 64 383 83 c 128,-1,24
 410 102 410 102 436 137 c 0,25,26
 440 141 440 141 443 141 c 0,27,28
 453 141 453 141 453 131 c 0,29,30
 453 128 453 128 452 127 c 0,31,32
 446 116 446 116 427 92.5 c 128,-1,33
 408 69 408 69 382 45.5 c 128,-1,34
 356 22 356 22 327 4.5 c 128,-1,35
 298 -13 298 -13 272 -13 c 0,36,37
 249 -13 249 -13 240.5 -2 c 128,-1,38
 232 9 232 9 232 27 c 0,39,40
 232 51 232 51 244 82.5 c 128,-1,41
 256 114 256 114 270 146 c 1,42,43
 269 146 269 146 269 147 c 0,44,45
 267 149 267 149 267 149 c 2,46,47
 265 149 265 149 264 148 c 0,48,49
 259 139 259 139 243.5 124 c 128,-1,50
 228 109 228 109 207.5 91.5 c 128,-1,51
 187 74 187 74 162.5 56 c 128,-1,52
 138 38 138 38 113.5 23.5 c 128,-1,53
 89 9 89 9 67.5 0 c 128,-1,54
 46 -9 46 -9 31 -9 c 0,55,56
 8 -9 8 -9 -0.5 2 c 128,-1,57
 -9 13 -9 13 -9 31 c 0,58,59
 -9 55 -9 55 3 86.5 c 128,-1,60
 15 118 15 118 29 150 c 0,61,62
 58 214 58 214 78 258.5 c 128,-1,63
 98 303 98 303 110.5 332.5 c 128,-1,64
 123 362 123 362 128.5 379 c 128,-1,65
 134 396 134 396 134 404 c 0,66,67
 134 413 134 413 128.5 415 c 128,-1,68
 123 417 123 417 114 417 c 0,69,70
 109 417 109 417 106 420.5 c 128,-1,71
 103 424 103 424 103 429 c 0,72,73
 103 438 103 438 112 438 c 0,74,75
 115 438 115 438 122 437.5 c 128,-1,76
 129 437 129 437 137.5 437 c 128,-1,77
 146 437 146 437 155 436.5 c 128,-1,78
 164 436 164 436 171 436 c 0,79,80
 185 436 185 436 194.5 436.5 c 128,-1,81
 204 437 204 437 212 437 c 0,82,83
 217 437 217 437 220 436.5 c 128,-1,84
 223 436 223 436 223 431 c 0,85,86
 223 425 223 425 217.5 410 c 128,-1,87
 212 395 212 395 198.5 365 c 128,-1,88
 185 335 185 335 163 286.5 c 128,-1,89
 141 238 141 238 109 165 c 0,90,91
 96 136 96 136 90.5 116.5 c 128,-1,92
 85 97 85 97 85 85 c 0,93,94
 85 61 85 61 104 61 c 0,95,96
 126 61 126 61 158 81.5 c 128,-1,97
 190 102 190 102 223.5 135.5 c 128,-1,98
 257 169 257 169 288 211.5 c 128,-1,99
 319 254 319 254 339 298 c 0,0,1
EndSplineSet
