Width: 392
Flags: W
LayerCount: 2
Fore
SplineSet
161 36 m 0,0,1
 182 36 182 36 207 50.5 c 128,-1,2
 232 65 232 65 257.5 89.5 c 128,-1,3
 283 114 283 114 307 145.5 c 128,-1,4
 331 177 331 177 349.5 211.5 c 128,-1,5
 368 246 368 246 379.5 280 c 128,-1,6
 391 314 391 314 391 344 c 0,7,8
 391 362 391 362 388.5 373.5 c 128,-1,9
 386 385 386 385 382.5 393.5 c 128,-1,10
 379 402 379 402 376.5 408.5 c 128,-1,11
 374 415 374 415 374 424 c 0,12,13
 374 441 374 441 385 447.5 c 128,-1,14
 396 454 396 454 411 454 c 256,15,16
 426 454 426 454 433 441.5 c 128,-1,17
 440 429 440 429 440 407 c 0,18,19
 440 377 440 377 428 334 c 128,-1,20
 416 291 416 291 393.5 244 c 128,-1,21
 371 197 371 197 340.5 150.5 c 128,-1,22
 310 104 310 104 272.5 67 c 128,-1,23
 235 30 235 30 192.5 7 c 128,-1,24
 150 -16 150 -16 104 -16 c 0,25,26
 53 -16 53 -16 31 8 c 128,-1,27
 9 32 9 32 9 70 c 0,28,29
 9 103 9 103 23.5 144.5 c 128,-1,30
 38 186 38 186 63 228 c 128,-1,31
 88 270 88 270 120.5 309 c 128,-1,32
 153 348 153 348 188 377 c 1,33,34
 156 382 156 382 124.5 389 c 128,-1,35
 93 396 93 396 67 396 c 0,36,37
 56 396 56 396 46 390 c 128,-1,38
 36 384 36 384 35 374 c 0,39,40
 35 370 35 370 32 368.5 c 128,-1,41
 29 367 29 367 26 367 c 0,42,43
 17 367 17 367 17 374 c 0,44,45
 17 389 17 389 27.5 398.5 c 128,-1,46
 38 408 38 408 52.5 414 c 128,-1,47
 67 420 67 420 83 422.5 c 128,-1,48
 99 425 99 425 110 425 c 0,49,50
 139 425 139 425 168 417.5 c 128,-1,51
 197 410 197 410 224 403 c 1,52,53
 248 419 248 419 271.5 428 c 128,-1,54
 295 437 295 437 317 437 c 0,55,56
 348 437 348 437 348 421 c 0,57,58
 348 414 348 414 340 405.5 c 128,-1,59
 332 397 332 397 318 390 c 128,-1,60
 304 383 304 383 284 378 c 128,-1,61
 264 373 264 373 239 373 c 2,62,-1
 225 373 l 1,63,64
 199 349 199 349 175.5 315.5 c 128,-1,65
 152 282 152 282 134 245.5 c 128,-1,66
 116 209 116 209 105 173 c 128,-1,67
 94 137 94 137 94 108 c 0,68,69
 94 76 94 76 109.5 56 c 128,-1,70
 125 36 125 36 161 36 c 0,0,1
279 395 m 0,71,72
 296 395 296 395 310.5 401.5 c 128,-1,73
 325 408 325 408 325 413 c 0,74,75
 325 419 325 419 308 419 c 0,76,77
 283 419 283 419 253 397 c 1,78,79
 260 395 260 395 266 395 c 128,-1,80
 272 395 272 395 279 395 c 0,71,72
EndSplineSet
