Width: 589
Flags: W
LayerCount: 2
Fore
SplineSet
29 369 m 0,0,1
 29 378 29 378 39 387 c 128,-1,2
 49 396 49 396 64.5 402.5 c 128,-1,3
 80 409 80 409 98.5 413 c 128,-1,4
 117 417 117 417 134 417 c 0,5,6
 163 417 163 417 184.5 410 c 128,-1,7
 206 403 206 403 227 397 c 1,8,9
 248 411 248 411 267.5 419.5 c 128,-1,10
 287 428 287 428 304 428 c 0,11,12
 332 428 332 428 332 414 c 0,13,14
 332 401 332 401 304.5 385 c 128,-1,15
 277 369 277 369 230 369 c 2,16,-1
 218 369 l 1,17,18
 192 342 192 342 168.5 305 c 128,-1,19
 145 268 145 268 127 228.5 c 128,-1,20
 109 189 109 189 98 151.5 c 128,-1,21
 87 114 87 114 87 86 c 0,22,23
 87 63 87 63 95 50 c 128,-1,24
 103 37 103 37 121 37 c 0,25,26
 141 37 141 37 162.5 45.5 c 128,-1,27
 184 54 184 54 207 70 c 1,28,29
 207 102 207 102 219 140.5 c 128,-1,30
 231 179 231 179 250.5 218.5 c 128,-1,31
 270 258 270 258 295.5 295.5 c 128,-1,32
 321 333 321 333 348 361.5 c 128,-1,33
 375 390 375 390 401.5 407.5 c 128,-1,34
 428 425 428 425 450 425 c 0,35,36
 475 425 475 425 475 400 c 0,37,38
 475 379 475 379 459 345.5 c 128,-1,39
 443 312 443 312 416.5 272 c 128,-1,40
 390 232 390 232 355 189.5 c 128,-1,41
 320 147 320 147 283 108 c 1,42,43
 283 77 283 77 298.5 58 c 128,-1,44
 314 39 314 39 351 39 c 0,45,46
 382 39 382 39 420.5 64.5 c 128,-1,47
 459 90 459 90 493 131 c 128,-1,48
 527 172 527 172 550 224.5 c 128,-1,49
 573 277 573 277 573 331 c 0,50,51
 573 341 573 341 569.5 350 c 128,-1,52
 566 359 566 359 562.5 367 c 128,-1,53
 559 375 559 375 555.5 383 c 128,-1,54
 552 391 552 391 552 400 c 0,55,56
 552 417 552 417 565 427 c 128,-1,57
 578 437 578 437 593 437 c 0,58,59
 612 437 612 437 620.5 423.5 c 128,-1,60
 629 410 629 410 629 387 c 0,61,62
 629 358 629 358 616 316.5 c 128,-1,63
 603 275 603 275 580 230 c 128,-1,64
 557 185 557 185 525.5 141 c 128,-1,65
 494 97 494 97 456 62 c 128,-1,66
 418 27 418 27 375.5 5.5 c 128,-1,67
 333 -16 333 -16 289 -16 c 0,68,69
 253 -16 253 -16 234 -0.5 c 128,-1,70
 215 15 215 15 209 41 c 1,71,72
 172 11 172 11 139 -7 c 128,-1,73
 106 -25 106 -25 80 -25 c 0,74,75
 38 -25 38 -25 20.5 -5 c 128,-1,76
 3 15 3 15 3 47 c 0,77,78
 3 81 3 81 19.5 124 c 128,-1,79
 36 167 36 167 62.5 211.5 c 128,-1,80
 89 256 89 256 123 297.5 c 128,-1,81
 157 339 157 339 192 370 c 1,82,83
 178 371 178 371 170 373.5 c 128,-1,84
 162 376 162 376 153 378 c 128,-1,85
 144 380 144 380 130.5 381.5 c 128,-1,86
 117 383 117 383 90 383 c 0,87,88
 67 381 67 381 57 376.5 c 128,-1,89
 47 372 47 372 46 365 c 1,90,-1
 42 363 l 2,91,92
 38 361 38 361 35 361 c 0,93,94
 29 361 29 361 29 369 c 0,0,1
459 397 m 0,95,96
 459 408 459 408 450 408 c 0,97,98
 434 408 434 408 408.5 381 c 128,-1,99
 383 354 383 354 357.5 313 c 128,-1,100
 332 272 332 272 311.5 224.5 c 128,-1,101
 291 177 291 177 285 136 c 1,102,103
 319 171 319 171 350.5 210.5 c 128,-1,104
 382 250 382 250 406 287 c 128,-1,105
 430 324 430 324 444.5 353.5 c 128,-1,106
 459 383 459 383 459 397 c 0,95,96
270 392 m 0,107,108
 284 392 284 392 297.5 397.5 c 128,-1,109
 311 403 311 403 311 408 c 256,110,111
 311 413 311 413 296 413 c 0,112,113
 272 413 272 413 247 394 c 1,114,115
 252 393 252 393 258 392.5 c 128,-1,116
 264 392 264 392 270 392 c 0,107,108
EndSplineSet
