Width: 406
Flags: W
LayerCount: 2
Fore
SplineSet
213 -16 m 0,0,1
 172 -16 172 -16 158 14 c 128,-1,2
 144 44 144 44 144 89 c 2,3,-1
 150 180 l 1,4,5
 94 110 94 110 34 36.5 c 128,-1,6
 -26 -37 -26 -37 -87.5 -97.5 c 128,-1,7
 -149 -158 -149 -158 -209 -197 c 128,-1,8
 -269 -236 -269 -236 -324 -236 c 0,9,10
 -345 -236 -345 -236 -360 -229 c 128,-1,11
 -375 -222 -375 -222 -385.5 -211.5 c 128,-1,12
 -396 -201 -396 -201 -401 -188.5 c 128,-1,13
 -406 -176 -406 -176 -406 -165 c 0,14,15
 -406 -153 -406 -153 -400 -144.5 c 128,-1,16
 -394 -136 -394 -136 -382 -136 c 0,17,18
 -371 -136 -371 -136 -365 -142 c 128,-1,19
 -359 -148 -359 -148 -355 -156 c 0,20,21
 -347 -172 -347 -172 -335 -189 c 128,-1,22
 -323 -206 -323 -206 -296 -206 c 0,23,24
 -253 -206 -253 -206 -199.5 -166.5 c 128,-1,25
 -146 -127 -146 -127 -87.5 -65.5 c 128,-1,26
 -29 -4 -29 -4 32.5 70.5 c 128,-1,27
 94 145 94 145 153 216 c 1,28,-1
 157 277 l 2,29,30
 157 299 157 299 154 317.5 c 128,-1,31
 151 336 151 336 143.5 349.5 c 128,-1,32
 136 363 136 363 123.5 370.5 c 128,-1,33
 111 378 111 378 91 378 c 0,34,35
 79 378 79 378 62 370.5 c 128,-1,36
 45 363 45 363 28 349 c 0,37,38
 26 347 26 347 21 347 c 0,39,40
 17 347 17 347 13.5 348 c 128,-1,41
 10 349 10 349 10 352 c 0,42,43
 10 354 10 354 13 357 c 0,44,45
 23 369 23 369 41 383.5 c 128,-1,46
 59 398 59 398 80 411 c 128,-1,47
 101 424 101 424 123.5 432.5 c 128,-1,48
 146 441 146 441 165 441 c 0,49,50
 186 441 186 441 199.5 431 c 128,-1,51
 213 421 213 421 221.5 403.5 c 128,-1,52
 230 386 230 386 233.5 363 c 128,-1,53
 237 340 237 340 238 314 c 1,54,55
 291 372 291 372 336.5 409 c 128,-1,56
 382 446 382 446 415 446 c 0,57,58
 438 446 438 446 448.5 433.5 c 128,-1,59
 459 421 459 421 459 407 c 0,60,61
 459 395 459 395 451.5 386 c 128,-1,62
 444 377 444 377 429 377 c 0,63,64
 421 377 421 377 416 380 c 128,-1,65
 411 383 411 383 405.5 387 c 128,-1,66
 400 391 400 391 394.5 394 c 128,-1,67
 389 397 389 397 380 397 c 0,68,69
 354 397 354 397 318 366.5 c 128,-1,70
 282 336 282 336 239 286 c 1,71,72
 239 252 239 252 237 218 c 128,-1,73
 235 184 235 184 235 153 c 0,74,75
 235 109 235 109 243 79.5 c 128,-1,76
 251 50 251 50 277 50 c 0,77,78
 304 50 304 50 331 63.5 c 128,-1,79
 358 77 358 77 381.5 97.5 c 128,-1,80
 405 118 405 118 424 142.5 c 128,-1,81
 443 167 443 167 454 189 c 0,82,83
 457 195 457 195 463 195 c 0,84,85
 473 195 473 195 473 185 c 0,86,87
 473 184 473 184 471 178 c 0,88,89
 461 153 461 153 434.5 119.5 c 128,-1,90
 408 86 408 86 372 56 c 128,-1,91
 336 26 336 26 294.5 5 c 128,-1,92
 253 -16 253 -16 213 -16 c 0,0,1
EndSplineSet
