Width: 406
Flags: W
LayerCount: 2
Fore
SplineSet
466 431 m 0,0,1
 446 389 446 389 421 323.5 c 128,-1,2
 396 258 396 258 364 182.5 c 128,-1,3
 332 107 332 107 291 28 c 128,-1,4
 250 -51 250 -51 199 -120 c 1,5,6
 220 -128 220 -128 234.5 -139.5 c 128,-1,7
 249 -151 249 -151 258 -163.5 c 128,-1,8
 267 -176 267 -176 271.5 -188.5 c 128,-1,9
 276 -201 276 -201 276 -211 c 0,10,11
 276 -234 276 -234 265 -244 c 128,-1,12
 254 -254 254 -254 243 -254 c 0,13,14
 234 -254 234 -254 227 -248.5 c 128,-1,15
 220 -243 220 -243 220 -233 c 0,16,17
 220 -224 220 -224 220.5 -218 c 128,-1,18
 221 -212 221 -212 222 -207 c 128,-1,19
 223 -202 223 -202 223.5 -195.5 c 128,-1,20
 224 -189 224 -189 224 -179 c 0,21,22
 224 -163 224 -163 215 -151 c 128,-1,23
 206 -139 206 -139 190 -131 c 1,24,25
 157 -175 157 -175 119 -212 c 128,-1,26
 81 -249 81 -249 37.5 -276 c 128,-1,27
 -6 -303 -6 -303 -55.5 -318.5 c 128,-1,28
 -105 -334 -105 -334 -160 -334 c 0,29,30
 -211 -334 -211 -334 -234.5 -317.5 c 128,-1,31
 -258 -301 -258 -301 -258 -275 c 0,32,33
 -258 -250 -258 -250 -234 -220 c 128,-1,34
 -210 -190 -210 -190 -163.5 -164 c 128,-1,35
 -117 -138 -117 -138 -48 -121 c 128,-1,36
 21 -104 21 -104 110 -104 c 0,37,38
 120 -104 120 -104 129.5 -104.5 c 128,-1,39
 139 -105 139 -105 148 -106 c 1,40,41
 178 -61 178 -61 200.5 -17 c 128,-1,42
 223 27 223 27 238.5 62.5 c 128,-1,43
 254 98 254 98 262 121 c 128,-1,44
 270 144 270 144 270 147 c 256,45,46
 270 150 270 150 267 150 c 0,47,48
 222 105 222 105 179 70 c 0,49,50
 161 55 161 55 141 41 c 128,-1,51
 121 27 121 27 101.5 15.5 c 128,-1,52
 82 4 82 4 64 -2.5 c 128,-1,53
 46 -9 46 -9 31 -9 c 0,54,55
 8 -9 8 -9 -0.5 2 c 128,-1,56
 -9 13 -9 13 -9 31 c 0,57,58
 -9 54 -9 54 1.5 86 c 128,-1,59
 12 118 12 118 28 154 c 128,-1,60
 44 190 44 190 62.5 227.5 c 128,-1,61
 81 265 81 265 97 299 c 128,-1,62
 113 333 113 333 123.5 360.5 c 128,-1,63
 134 388 134 388 134 404 c 0,64,65
 134 413 134 413 128.5 415 c 128,-1,66
 123 417 123 417 114 417 c 0,67,68
 109 417 109 417 106 420.5 c 128,-1,69
 103 424 103 424 103 429 c 0,70,71
 103 438 103 438 112 438 c 0,72,73
 115 438 115 438 122 437.5 c 128,-1,74
 129 437 129 437 137.5 437 c 128,-1,75
 146 437 146 437 155 436.5 c 128,-1,76
 164 436 164 436 171 436 c 0,77,78
 185 436 185 436 194.5 436.5 c 128,-1,79
 204 437 204 437 212 437 c 0,80,81
 217 437 217 437 220 436.5 c 128,-1,82
 223 436 223 436 223 431 c 0,83,84
 223 425 223 425 217.5 410 c 128,-1,85
 212 395 212 395 198.5 365 c 128,-1,86
 185 335 185 335 163 286.5 c 128,-1,87
 141 238 141 238 109 165 c 0,88,89
 96 136 96 136 90.5 116.5 c 128,-1,90
 85 97 85 97 85 85 c 0,91,92
 85 61 85 61 104 61 c 0,93,94
 126 61 126 61 158.5 81 c 128,-1,95
 191 101 191 101 225 134.5 c 128,-1,96
 259 168 259 168 290 210.5 c 128,-1,97
 321 253 321 253 339 298 c 0,98,99
 355 337 355 337 367.5 374 c 128,-1,100
 380 411 380 411 380 426 c 0,101,102
 380 430 380 430 381 432.5 c 128,-1,103
 382 435 382 435 388.5 436.5 c 128,-1,104
 395 438 395 438 409 438 c 128,-1,105
 423 438 423 438 448 438 c 0,106,107
 456 438 456 438 461 436.5 c 128,-1,108
 466 435 466 435 466 431 c 0,0,1
-148 -318 m 0,109,110
 -103 -318 -103 -318 -62.5 -301.5 c 128,-1,111
 -22 -285 -22 -285 14 -257 c 128,-1,112
 50 -229 50 -229 81.5 -193 c 128,-1,113
 113 -157 113 -157 140 -118 c 1,114,115
 134 -117 134 -117 128 -117 c 128,-1,116
 122 -117 122 -117 116 -117 c 0,117,118
 43 -117 43 -117 -15.5 -134.5 c 128,-1,119
 -74 -152 -74 -152 -115 -177.5 c 128,-1,120
 -156 -203 -156 -203 -178 -231.5 c 128,-1,121
 -200 -260 -200 -260 -200 -282 c 0,122,123
 -200 -298 -200 -298 -187 -308 c 128,-1,124
 -174 -318 -174 -318 -148 -318 c 0,109,110
EndSplineSet
