Width: 451
Flags: W
LayerCount: 2
Fore
SplineSet
735 -212 m 0,0,1
 780 -212 780 -212 811.5 -206 c 128,-1,2
 843 -200 843 -200 863.5 -190 c 128,-1,3
 884 -180 884 -180 893.5 -168 c 128,-1,4
 903 -156 903 -156 903 -145 c 0,5,6
 903 -129 903 -129 886.5 -118 c 128,-1,7
 870 -107 870 -107 839 -107 c 0,8,9
 800 -107 800 -107 782 -124 c 128,-1,10
 764 -141 764 -141 760 -156 c 0,11,12
 755 -173 755 -173 738 -173 c 0,13,14
 730 -173 730 -173 723.5 -168 c 128,-1,15
 717 -163 717 -163 717 -155 c 0,16,17
 717 -137 717 -137 727 -124 c 128,-1,18
 737 -111 737 -111 752.5 -103.5 c 128,-1,19
 768 -96 768 -96 787 -92.5 c 128,-1,20
 806 -89 806 -89 824 -89 c 0,21,22
 878 -89 878 -89 904.5 -107 c 128,-1,23
 931 -125 931 -125 931 -148 c 0,24,25
 931 -163 931 -163 920 -178 c 128,-1,26
 909 -193 909 -193 886.5 -205.5 c 128,-1,27
 864 -218 864 -218 830 -225.5 c 128,-1,28
 796 -233 796 -233 750 -233 c 0,29,30
 669 -233 669 -233 605.5 -214.5 c 128,-1,31
 542 -196 542 -196 491.5 -167 c 128,-1,32
 441 -138 441 -138 400 -103 c 128,-1,33
 359 -68 359 -68 322 -34.5 c 128,-1,34
 285 -1 285 -1 249.5 27 c 128,-1,35
 214 55 214 55 174 69 c 1,36,37
 136 31 136 31 86.5 6.5 c 128,-1,38
 37 -18 37 -18 -29 -18 c 0,39,40
 -55 -18 -55 -18 -67 -8.5 c 128,-1,41
 -79 1 -79 1 -79 15 c 0,42,43
 -79 31 -79 31 -64.5 50.5 c 128,-1,44
 -50 70 -50 70 -23.5 87.5 c 128,-1,45
 3 105 3 105 40.5 116.5 c 128,-1,46
 78 128 78 128 125 128 c 0,47,48
 153 128 153 128 183 120 c 1,49,50
 202 148 202 148 218.5 178 c 128,-1,51
 235 208 235 208 251 240 c 1,52,53
 225 245 225 245 200.5 247.5 c 128,-1,54
 176 250 176 250 153 250 c 0,55,56
 136 250 136 250 121 245 c 128,-1,57
 106 240 106 240 105 239 c 2,58,-1
 102 237 l 2,59,60
 95 237 95 237 95 245 c 0,61,62
 95 249 95 249 100 252 c 0,63,64
 103 254 103 254 113 257.5 c 128,-1,65
 123 261 123 261 136.5 264.5 c 128,-1,66
 150 268 150 268 166.5 270.5 c 128,-1,67
 183 273 183 273 201 273 c 0,68,69
 220 273 220 273 236 271.5 c 128,-1,70
 252 270 252 270 266 268 c 1,71,72
 280 293 280 293 294 316.5 c 128,-1,73
 308 340 308 340 325 361 c 1,74,75
 280 370 280 370 242.5 380.5 c 128,-1,76
 205 391 205 391 184 392 c 0,77,78
 165 392 165 392 150 388 c 128,-1,79
 135 384 135 384 122 372 c 0,80,81
 119 369 119 369 113 369 c 0,82,83
 102 369 102 369 102 376 c 0,84,85
 102 380 102 380 106 384 c 0,86,87
 111 388 111 388 123 396.5 c 128,-1,88
 135 405 135 405 153.5 413 c 128,-1,89
 172 421 172 421 197 427.5 c 128,-1,90
 222 434 222 434 253 434 c 0,91,92
 279 434 279 434 311 427 c 128,-1,93
 343 420 343 420 375 413 c 1,94,95
 402 434 402 434 435.5 446.5 c 128,-1,96
 469 459 469 459 511 459 c 0,97,98
 545 459 545 459 560 451 c 128,-1,99
 575 443 575 443 575 430 c 0,100,101
 575 418 575 418 562.5 404 c 128,-1,102
 550 390 550 390 529 378 c 128,-1,103
 508 366 508 366 479 358 c 128,-1,104
 450 350 450 350 417 350 c 0,105,106
 403 350 403 350 390.5 351 c 128,-1,107
 378 352 378 352 364 354 c 1,108,109
 348 334 348 334 334 310 c 128,-1,110
 320 286 320 286 305 260 c 1,111,112
 330 254 330 254 353.5 250 c 128,-1,113
 377 246 377 246 404 246 c 0,114,115
 428 246 428 246 460 252 c 1,116,117
 467 249 467 249 467 245 c 256,118,119
 467 241 467 241 457 238 c 0,120,121
 434 232 434 232 412.5 230 c 128,-1,122
 391 228 391 228 370 228 c 0,123,124
 329 228 329 228 290 234 c 1,125,126
 272 202 272 202 252.5 171 c 128,-1,127
 233 140 233 140 211 111 c 1,128,129
 255 94 255 94 295.5 63 c 128,-1,130
 336 32 336 32 375.5 -3.5 c 128,-1,131
 415 -39 415 -39 455 -76 c 128,-1,132
 495 -113 495 -113 538.5 -143.5 c 128,-1,133
 582 -174 582 -174 630.5 -193 c 128,-1,134
 679 -212 679 -212 735 -212 c 0,0,1
108 81 m 0,135,136
 72 81 72 81 45.5 74.5 c 128,-1,137
 19 68 19 68 2 58.5 c 128,-1,138
 -15 49 -15 49 -23.5 38 c 128,-1,139
 -32 27 -32 27 -32 19 c 0,140,141
 -32 4 -32 4 -12 4 c 0,142,143
 41 4 41 4 79.5 24 c 128,-1,144
 118 44 118 44 148 76 c 1,145,146
 138 78 138 78 128.5 79.5 c 128,-1,147
 119 81 119 81 108 81 c 0,135,136
467 399 m 0,148,149
 504 399 504 399 522 407.5 c 128,-1,150
 540 416 540 416 540 424 c 0,151,152
 540 440 540 440 500 440 c 0,153,154
 474 440 474 440 452 431 c 128,-1,155
 430 422 430 422 411 405 c 1,156,157
 441 399 441 399 467 399 c 0,148,149
EndSplineSet
