Width: 582
Flags: W
LayerCount: 2
Fore
SplineSet
477 724 m 0,0,1
 522 724 522 724 554.5 712 c 128,-1,2
 587 700 587 700 607.5 678 c 128,-1,3
 628 656 628 656 637.5 626 c 128,-1,4
 647 596 647 596 647 560 c 0,5,6
 647 505 647 505 627 441 c 128,-1,7
 607 377 607 377 572.5 313 c 128,-1,8
 538 249 538 249 491.5 189 c 128,-1,9
 445 129 445 129 392 83 c 128,-1,10
 339 37 339 37 282 9.5 c 128,-1,11
 225 -18 225 -18 169 -18 c 0,12,13
 127 -18 127 -18 96.5 -5.5 c 128,-1,14
 66 7 66 7 47 29 c 128,-1,15
 28 51 28 51 19 82 c 128,-1,16
 10 113 10 113 10 149 c 0,17,18
 10 204 10 204 28.5 268 c 128,-1,19
 47 332 47 332 79.5 395.5 c 128,-1,20
 112 459 112 459 156.5 518.5 c 128,-1,21
 201 578 201 578 253 623.5 c 128,-1,22
 305 669 305 669 362 696.5 c 128,-1,23
 419 724 419 724 477 724 c 0,0,1
195 6 m 0,24,25
 237 6 237 6 279.5 34 c 128,-1,26
 322 62 322 62 361 108.5 c 128,-1,27
 400 155 400 155 433.5 214.5 c 128,-1,28
 467 274 467 274 491.5 337 c 128,-1,29
 516 400 516 400 530 461.5 c 128,-1,30
 544 523 544 523 544 573 c 0,31,32
 544 630 544 630 523.5 665 c 128,-1,33
 503 700 503 700 458 700 c 0,34,35
 415 700 415 700 373 671.5 c 128,-1,36
 331 643 331 643 293.5 596 c 128,-1,37
 256 549 256 549 224.5 489 c 128,-1,38
 193 429 193 429 170.5 365.5 c 128,-1,39
 148 302 148 302 135 240.5 c 128,-1,40
 122 179 122 179 122 129 c 0,41,42
 122 74 122 74 139.5 40 c 128,-1,43
 157 6 157 6 195 6 c 0,24,25
EndSplineSet
