Width: 252
Flags: W
LayerCount: 2
Fore
SplineSet
177 654 m 0,0,1
 204 660 204 660 233 672.5 c 128,-1,2
 262 685 262 685 288 699 c 128,-1,3
 314 713 314 713 334.5 726 c 128,-1,4
 355 739 355 739 366 747 c 0,5,6
 371 751 371 751 375 751 c 0,7,8
 380 751 380 751 381.5 747 c 128,-1,9
 383 743 383 743 383 738 c 256,10,11
 383 733 383 733 382 732 c 0,12,13
 372 724 372 724 363 715.5 c 128,-1,14
 354 707 354 707 343 684 c 0,15,16
 338 674 338 674 331.5 661 c 128,-1,17
 325 648 325 648 313 623 c 128,-1,18
 301 598 301 598 282.5 557 c 128,-1,19
 264 516 264 516 236 450 c 128,-1,20
 208 384 208 384 168.5 288 c 128,-1,21
 129 192 129 192 75 59 c 0,22,23
 73 54 73 54 72 50.5 c 128,-1,24
 71 47 71 47 71 43 c 0,25,26
 71 29 71 29 82.5 22 c 128,-1,27
 94 15 94 15 111 13 c 0,28,29
 117 12 117 12 122.5 12 c 128,-1,30
 128 12 128 12 138 12 c 0,31,32
 143 12 143 12 143 4 c 0,33,34
 143 0 143 0 140.5 -3.5 c 128,-1,35
 138 -7 138 -7 133 -7 c 0,36,37
 129 -7 129 -7 118 -6.5 c 128,-1,38
 107 -6 107 -6 92 -5 c 128,-1,39
 77 -4 77 -4 59.5 -3.5 c 128,-1,40
 42 -3 42 -3 26 -3 c 0,41,42
 14 -3 14 -3 -3 -3 c 128,-1,43
 -20 -3 -20 -3 -36 -3.5 c 128,-1,44
 -52 -4 -52 -4 -64.5 -4.5 c 128,-1,45
 -77 -5 -77 -5 -80 -5 c 0,46,47
 -86 -5 -86 -5 -86 -2 c 128,-1,48
 -86 1 -86 1 -87 4 c 0,49,50
 -87 7 -87 7 -85.5 10.5 c 128,-1,51
 -84 14 -84 14 -79 15 c 0,52,53
 -59 15 -59 15 -45.5 19 c 128,-1,54
 -32 23 -32 23 -22.5 30.5 c 128,-1,55
 -13 38 -13 38 -5.5 50 c 128,-1,56
 2 62 2 62 10 79 c 0,57,58
 16 92 16 92 37.5 142 c 128,-1,59
 59 192 59 192 90 265.5 c 128,-1,60
 121 339 121 339 159 430 c 128,-1,61
 197 521 197 521 236 617 c 0,62,63
 236 618 236 618 237 620 c 0,64,65
 237 622 237 622 237.5 623.5 c 128,-1,66
 238 625 238 625 238 627 c 0,67,68
 238 639 238 639 219 639 c 0,69,70
 205 639 205 639 189 634.5 c 128,-1,71
 173 630 173 630 168 630 c 0,72,73
 156 630 156 630 156 639 c 0,74,75
 156 650 156 650 177 654 c 0,0,1
EndSplineSet
