Width: 527
Flags: W
LayerCount: 2
Fore
SplineSet
431 728 m 0,0,1
 481 728 481 728 516 717.5 c 128,-1,2
 551 707 551 707 573.5 688.5 c 128,-1,3
 596 670 596 670 606.5 643.5 c 128,-1,4
 617 617 617 617 617 586 c 0,5,6
 617 546 617 546 602 499.5 c 128,-1,7
 587 453 587 453 559.5 403.5 c 128,-1,8
 532 354 532 354 494.5 304.5 c 128,-1,9
 457 255 457 255 413 209.5 c 128,-1,10
 369 164 369 164 319 123.5 c 128,-1,11
 269 83 269 83 218 53 c 1,12,13
 249 46 249 46 278 41.5 c 128,-1,14
 307 37 307 37 333 37 c 0,15,16
 357 37 357 37 382 45 c 128,-1,17
 407 53 407 53 422 70 c 0,18,19
 428 77 428 77 435 77 c 0,20,21
 446 77 446 77 446 69 c 0,22,23
 446 68 446 68 444 64 c 0,24,25
 435 51 435 51 418.5 37 c 128,-1,26
 402 23 402 23 382 11.5 c 128,-1,27
 362 0 362 0 340 -7.5 c 128,-1,28
 318 -15 318 -15 299 -15 c 0,29,30
 259 -15 259 -15 226 -3 c 128,-1,31
 193 9 193 9 161 23 c 1,32,33
 120 6 120 6 81 -4.5 c 128,-1,34
 42 -15 42 -15 5 -15 c 0,35,36
 -30 -15 -30 -15 -47 -6.5 c 128,-1,37
 -64 2 -64 2 -64 14 c 0,38,39
 -64 33 -64 33 -25 52.5 c 128,-1,40
 14 72 14 72 87 72 c 0,41,42
 110 72 110 72 134 68.5 c 128,-1,43
 158 65 158 65 182 60 c 1,44,45
 252 102 252 102 315.5 168 c 128,-1,46
 379 234 379 234 428 307.5 c 128,-1,47
 477 381 477 381 506 454.5 c 128,-1,48
 535 528 535 528 535 586 c 0,49,50
 535 640 535 640 506 673.5 c 128,-1,51
 477 707 477 707 411 707 c 0,52,53
 352 707 352 707 304 676 c 128,-1,54
 256 645 256 645 221.5 598.5 c 128,-1,55
 187 552 187 552 168 498 c 128,-1,56
 149 444 149 444 149 397 c 0,57,58
 149 349 149 349 170.5 316.5 c 128,-1,59
 192 284 192 284 239 284 c 0,60,61
 284 284 284 284 322 307 c 128,-1,62
 360 330 360 330 388 363.5 c 128,-1,63
 416 397 416 397 431.5 436.5 c 128,-1,64
 447 476 447 476 447 509 c 0,65,66
 447 540 447 540 432 560 c 128,-1,67
 417 580 417 580 384 580 c 0,68,69
 365 580 365 580 351 570 c 128,-1,70
 337 560 337 560 327.5 545 c 128,-1,71
 318 530 318 530 313 512 c 128,-1,72
 308 494 308 494 308 478 c 0,73,74
 308 461 308 461 311.5 455.5 c 128,-1,75
 315 450 315 450 315 440 c 0,76,77
 315 427 315 427 306.5 417.5 c 128,-1,78
 298 408 298 408 284 408 c 0,79,80
 266 408 266 408 257.5 420 c 128,-1,81
 249 432 249 432 249 450 c 0,82,83
 249 471 249 471 259.5 496 c 128,-1,84
 270 521 270 521 288.5 543.5 c 128,-1,85
 307 566 307 566 333.5 581 c 128,-1,86
 360 596 360 596 393 596 c 0,87,88
 439 596 439 596 459.5 571.5 c 128,-1,89
 480 547 480 547 480 510 c 0,90,91
 480 472 480 472 460.5 428 c 128,-1,92
 441 384 441 384 406.5 346 c 128,-1,93
 372 308 372 308 324.5 282.5 c 128,-1,94
 277 257 277 257 222 257 c 0,95,96
 182 257 182 257 153 267 c 128,-1,97
 124 277 124 277 105.5 295 c 128,-1,98
 87 313 87 313 78.5 337 c 128,-1,99
 70 361 70 361 70 389 c 0,100,101
 70 441 70 441 97.5 500.5 c 128,-1,102
 125 560 125 560 174 610.5 c 128,-1,103
 223 661 223 661 288.5 694.5 c 128,-1,104
 354 728 354 728 431 728 c 0,0,1
54 51 m 0,105,106
 39 51 39 51 24 48 c 128,-1,107
 9 45 9 45 -3 40 c 128,-1,108
 -15 35 -15 35 -22.5 29.5 c 128,-1,109
 -30 24 -30 24 -30 19 c 0,110,111
 -30 7 -30 7 14 7 c 0,112,113
 71 7 71 7 133 35 c 1,114,115
 114 42 114 42 94.5 46.5 c 128,-1,116
 75 51 75 51 54 51 c 0,105,106
EndSplineSet
