Width: 437
Flags: W
LayerCount: 2
Fore
SplineSet
-190 -136 m 0,0,1
 -121 -136 -121 -136 -56.5 -112.5 c 128,-1,2
 8 -89 8 -89 65 -50.5 c 128,-1,3
 122 -12 122 -12 168.5 37.5 c 128,-1,4
 215 87 215 87 249 139.5 c 128,-1,5
 283 192 283 192 301.5 242 c 128,-1,6
 320 292 320 292 320 333 c 0,7,8
 320 377 320 377 298 402 c 1,9,10
 240 377 240 377 185 377 c 0,11,12
 164 377 164 377 153 385.5 c 128,-1,13
 142 394 142 394 142 405 c 0,14,15
 142 419 142 419 162 433 c 128,-1,16
 182 447 182 447 227 447 c 0,17,18
 273 447 273 447 308 435 c 1,19,20
 331 451 331 451 350 472.5 c 128,-1,21
 369 494 369 494 383 516.5 c 128,-1,22
 397 539 397 539 405 562.5 c 128,-1,23
 413 586 413 586 413 607 c 0,24,25
 413 650 413 650 389.5 668 c 128,-1,26
 366 686 366 686 333 686 c 0,27,28
 306 686 306 686 276.5 675.5 c 128,-1,29
 247 665 247 665 222 648 c 128,-1,30
 197 631 197 631 181 607.5 c 128,-1,31
 165 584 165 584 165 559 c 0,32,33
 165 535 165 535 176 518.5 c 128,-1,34
 187 502 187 502 207 502 c 0,35,36
 223 502 223 502 232.5 509 c 128,-1,37
 242 516 242 516 248 525.5 c 128,-1,38
 254 535 254 535 256.5 544.5 c 128,-1,39
 259 554 259 554 260 559 c 0,40,41
 263 577 263 577 282 577 c 0,42,43
 302 577 302 577 302 558 c 0,44,45
 302 548 302 548 296 535 c 128,-1,46
 290 522 290 522 278.5 511 c 128,-1,47
 267 500 267 500 251.5 492 c 128,-1,48
 236 484 236 484 218 484 c 0,49,50
 183 484 183 484 165 504.5 c 128,-1,51
 147 525 147 525 147 555 c 0,52,53
 147 591 147 591 168.5 622 c 128,-1,54
 190 653 190 653 223.5 675 c 128,-1,55
 257 697 257 697 297.5 709.5 c 128,-1,56
 338 722 338 722 376 722 c 0,57,58
 400 722 400 722 421.5 716.5 c 128,-1,59
 443 711 443 711 459 699 c 128,-1,60
 475 687 475 687 484.5 668.5 c 128,-1,61
 494 650 494 650 494 624 c 0,62,63
 494 600 494 600 482 572.5 c 128,-1,64
 470 545 470 545 449 518 c 128,-1,65
 428 491 428 491 399.5 466 c 128,-1,66
 371 441 371 441 338 422 c 1,67,68
 372 403 372 403 388 372 c 128,-1,69
 404 341 404 341 404 303 c 0,70,71
 404 258 404 258 384 206 c 128,-1,72
 364 154 364 154 326.5 102.5 c 128,-1,73
 289 51 289 51 235.5 3.5 c 128,-1,74
 182 -44 182 -44 116 -80.5 c 128,-1,75
 50 -117 50 -117 -27.5 -139 c 128,-1,76
 -105 -161 -105 -161 -191 -161 c 0,77,78
 -249 -161 -249 -161 -278 -146 c 128,-1,79
 -307 -131 -307 -131 -307 -118 c 256,80,81
 -307 -105 -307 -105 -283 -105 c 0,82,83
 -274 -105 -274 -105 -270 -110 c 0,84,85
 -263 -118 -263 -118 -252 -123 c 0,86,87
 -242 -128 -242 -128 -227.5 -132 c 128,-1,88
 -213 -136 -213 -136 -190 -136 c 0,0,1
221 431 m 0,89,90
 197 431 197 431 185.5 424.5 c 128,-1,91
 174 418 174 418 174 410 c 0,92,93
 174 396 174 396 200 396 c 0,94,95
 220 396 220 396 240 401.5 c 128,-1,96
 260 407 260 407 279 417 c 1,97,98
 256 431 256 431 221 431 c 0,89,90
EndSplineSet
