Width: 390
Flags: W
LayerCount: 2
Fore
SplineSet
345 143 m 0,0,1
 369 143 369 143 398.5 152 c 128,-1,2
 428 161 428 161 470 183 c 0,3,4
 476 186 476 186 480 186 c 0,5,6
 488 186 488 186 488 179 c 0,7,8
 488 173 488 173 480 168 c 0,9,10
 438 143 438 143 401 133 c 128,-1,11
 364 123 364 123 329 123 c 0,12,13
 316 123 316 123 303.5 124 c 128,-1,14
 291 125 291 125 279 127 c 1,15,16
 272 110 272 110 266 93.5 c 128,-1,17
 260 77 260 77 252 59 c 0,18,19
 250 54 250 54 249 50.5 c 128,-1,20
 248 47 248 47 248 43 c 0,21,22
 248 29 248 29 259.5 22 c 128,-1,23
 271 15 271 15 288 13 c 0,24,25
 294 12 294 12 299.5 12 c 128,-1,26
 305 12 305 12 315 12 c 0,27,28
 320 12 320 12 320 4 c 0,29,30
 320 0 320 0 317.5 -3.5 c 128,-1,31
 315 -7 315 -7 310 -7 c 0,32,33
 306 -7 306 -7 295 -6.5 c 128,-1,34
 284 -6 284 -6 269 -5 c 128,-1,35
 254 -4 254 -4 236.5 -3.5 c 128,-1,36
 219 -3 219 -3 203 -3 c 0,37,38
 191 -3 191 -3 174 -3 c 128,-1,39
 157 -3 157 -3 141 -3.5 c 128,-1,40
 125 -4 125 -4 112.5 -4.5 c 128,-1,41
 100 -5 100 -5 97 -5 c 0,42,43
 91 -5 91 -5 91 -2 c 128,-1,44
 91 1 91 1 90 4 c 0,45,46
 90 7 90 7 91.5 10.5 c 128,-1,47
 93 14 93 14 98 15 c 0,48,49
 118 15 118 15 131.5 19 c 128,-1,50
 145 23 145 23 154.5 30.5 c 128,-1,51
 164 38 164 38 171.5 50 c 128,-1,52
 179 62 179 62 187 79 c 0,53,54
 190 85 190 85 197 101.5 c 128,-1,55
 204 118 204 118 215 142 c 1,56,57
 164 157 164 157 111.5 173.5 c 128,-1,58
 59 190 59 190 -1 190 c 0,59,60
 -26 190 -26 190 -53 186 c 128,-1,61
 -80 182 -80 182 -109 173 c 0,62,63
 -117 173 -117 173 -122.5 176 c 128,-1,64
 -128 179 -128 179 -128 184 c 0,65,66
 -128 192 -128 192 -115 197 c 0,67,68
 -64 220 -64 220 -20.5 245.5 c 128,-1,69
 23 271 23 271 65 302.5 c 128,-1,70
 107 334 107 334 150.5 372.5 c 128,-1,71
 194 411 194 411 244.5 460 c 128,-1,72
 295 509 295 509 355.5 569.5 c 128,-1,73
 416 630 416 630 493 705 c 0,74,75
 503 713 503 713 513 716 c 128,-1,76
 523 719 523 719 529 719 c 0,77,78
 536 719 536 719 536 716 c 0,79,80
 536 712 536 712 532 707 c 0,81,82
 521 691 521 691 512 675.5 c 128,-1,83
 503 660 503 660 491.5 637.5 c 128,-1,84
 480 615 480 615 465 580 c 128,-1,85
 450 545 450 545 426.5 489 c 128,-1,86
 403 433 403 433 370 351.5 c 128,-1,87
 337 270 337 270 290 154 c 1,88,89
 317 143 317 143 345 143 c 0,0,1
397 578 m 0,90,91
 397 582 397 582 394 582 c 256,92,93
 391 582 391 582 387 578 c 0,94,95
 385 576 385 576 383 575 c 0,96,97
 332 522 332 522 279.5 469 c 128,-1,98
 227 416 227 416 175.5 368.5 c 128,-1,99
 124 321 124 321 75 283 c 128,-1,100
 26 245 26 245 -18 222 c 1,101,-1
 -16 221 l 1,102,103
 5 224 5 224 24 225 c 128,-1,104
 43 226 43 226 60 226 c 0,105,106
 122 226 122 226 162 212.5 c 128,-1,107
 202 199 202 199 232 183 c 1,108,109
 247 219 247 219 266 264 c 128,-1,110
 285 309 285 309 306 360 c 128,-1,111
 327 411 327 411 350 466 c 128,-1,112
 373 521 373 521 397 578 c 0,90,91
EndSplineSet
