Width: 504
Flags: W
LayerCount: 2
Fore
SplineSet
307 456 m 0,0,1
 399 456 399 456 441 415 c 128,-1,2
 483 374 483 374 483 311 c 0,3,4
 483 266 483 266 462.5 213 c 128,-1,5
 442 160 442 160 404.5 107.5 c 128,-1,6
 367 55 367 55 313.5 6.5 c 128,-1,7
 260 -42 260 -42 193.5 -79 c 128,-1,8
 127 -116 127 -116 49.5 -138.5 c 128,-1,9
 -28 -161 -28 -161 -114 -161 c 0,10,11
 -172 -161 -172 -161 -201 -146 c 128,-1,12
 -230 -131 -230 -131 -230 -118 c 256,13,14
 -230 -105 -230 -105 -206 -105 c 0,15,16
 -197 -105 -197 -105 -193 -110 c 0,17,18
 -186 -118 -186 -118 -175 -123 c 0,19,20
 -165 -128 -165 -128 -150.5 -132 c 128,-1,21
 -136 -136 -136 -136 -113 -136 c 0,22,23
 -44 -136 -44 -136 20.5 -112 c 128,-1,24
 85 -88 85 -88 142 -49 c 128,-1,25
 199 -10 199 -10 246 40 c 128,-1,26
 293 90 293 90 327 143 c 128,-1,27
 361 196 361 196 379.5 247 c 128,-1,28
 398 298 398 298 398 339 c 0,29,30
 398 384 398 384 374.5 410.5 c 128,-1,31
 351 437 351 437 299 437 c 0,32,33
 282 437 282 437 255.5 436 c 128,-1,34
 229 435 229 435 199 428 c 128,-1,35
 169 421 169 421 137 406 c 128,-1,36
 105 391 105 391 78 364 c 0,37,38
 76 362 76 362 72.5 360.5 c 128,-1,39
 69 359 69 359 66 359 c 0,40,41
 60 359 60 359 60 365 c 0,42,43
 60 366 60 366 60.5 368.5 c 128,-1,44
 61 371 61 371 65 381 c 128,-1,45
 69 391 69 391 78 411 c 128,-1,46
 87 431 87 431 103 467 c 128,-1,47
 119 503 119 503 144 558.5 c 128,-1,48
 169 614 169 614 205 694 c 0,49,50
 209 704 209 704 220 704 c 0,51,52
 229 704 229 704 229 698 c 0,53,54
 226 692 226 692 223 683.5 c 128,-1,55
 220 675 220 675 220 670 c 0,56,57
 220 663 220 663 226 663 c 0,58,59
 280 679 280 679 324 685.5 c 128,-1,60
 368 692 368 692 403 692 c 0,61,62
 447 692 447 692 477.5 683 c 128,-1,63
 508 674 508 674 526.5 661 c 128,-1,64
 545 648 545 648 553 633 c 128,-1,65
 561 618 561 618 561 606 c 0,66,67
 561 595 561 595 555.5 587.5 c 128,-1,68
 550 580 550 580 539 580 c 0,69,70
 525 580 525 580 525 593 c 0,71,72
 525 605 525 605 537 608 c 0,73,74
 542 610 542 610 542 616 c 0,75,76
 542 624 542 624 533.5 630.5 c 128,-1,77
 525 637 525 637 511.5 642 c 128,-1,78
 498 647 498 647 481 650 c 128,-1,79
 464 653 464 653 448 653 c 0,80,81
 421 653 421 653 378.5 642.5 c 128,-1,82
 336 632 336 632 293.5 617.5 c 128,-1,83
 251 603 251 603 215.5 587.5 c 128,-1,84
 180 572 180 572 167 561 c 1,85,-1
 95 408 l 1,86,-1
 96 406 l 1,87,88
 142 432 142 432 198.5 444 c 128,-1,89
 255 456 255 456 307 456 c 0,0,1
EndSplineSet
