Width: 578
Flags: W
LayerCount: 2
Fore
SplineSet
629 707 m 0,0,1
 563 707 563 707 496.5 680 c 128,-1,2
 430 653 430 653 370 610 c 128,-1,3
 310 567 310 567 260.5 513 c 128,-1,4
 211 459 211 459 180 405 c 1,5,-1
 180 403 l 2,6,7
 180 401 180 401 182 401 c 0,8,9
 196 411 196 411 218 426 c 128,-1,10
 240 441 240 441 268.5 454.5 c 128,-1,11
 297 468 297 468 331 478 c 128,-1,12
 365 488 365 488 403 488 c 0,13,14
 449 488 449 488 482 477 c 128,-1,15
 515 466 515 466 536 447 c 128,-1,16
 557 428 557 428 567 401.5 c 128,-1,17
 577 375 577 375 577 345 c 0,18,19
 577 307 577 307 563 264.5 c 128,-1,20
 549 222 549 222 523.5 180.5 c 128,-1,21
 498 139 498 139 462.5 101 c 128,-1,22
 427 63 427 63 384 34.5 c 128,-1,23
 341 6 341 6 292.5 -11 c 128,-1,24
 244 -28 244 -28 193 -28 c 0,25,26
 140 -28 140 -28 102.5 -15 c 128,-1,27
 65 -2 65 -2 41 20.5 c 128,-1,28
 17 43 17 43 5.5 74.5 c 128,-1,29
 -6 106 -6 106 -6 143 c 0,30,31
 -6 199 -6 199 17.5 264 c 128,-1,32
 41 329 41 329 83 394 c 128,-1,33
 125 459 125 459 183.5 519.5 c 128,-1,34
 242 580 242 580 312.5 626.5 c 128,-1,35
 383 673 383 673 462 701 c 128,-1,36
 541 729 541 729 625 729 c 0,37,38
 646 729 646 729 646 721 c 0,39,40
 646 716 646 716 640 711.5 c 128,-1,41
 634 707 634 707 629 707 c 0,0,1
391 466 m 0,42,43
 364 466 364 466 336.5 459 c 128,-1,44
 309 452 309 452 282.5 441 c 128,-1,45
 256 430 256 430 232.5 415 c 128,-1,46
 209 400 209 400 190 384 c 0,47,48
 167 365 167 365 147 336 c 128,-1,49
 127 307 127 307 112 272.5 c 128,-1,50
 97 238 97 238 88.5 201.5 c 128,-1,51
 80 165 80 165 80 131 c 0,52,53
 80 102 80 102 86.5 77 c 128,-1,54
 93 52 93 52 108 33.5 c 128,-1,55
 123 15 123 15 147 4 c 128,-1,56
 171 -7 171 -7 205 -7 c 0,57,58
 241 -7 241 -7 276 10 c 128,-1,59
 311 27 311 27 342 56 c 128,-1,60
 373 85 373 85 399.5 122.5 c 128,-1,61
 426 160 426 160 445 200.5 c 128,-1,62
 464 241 464 241 474.5 281.5 c 128,-1,63
 485 322 485 322 485 357 c 0,64,65
 485 405 485 405 463 435.5 c 128,-1,66
 441 466 441 466 391 466 c 0,42,43
EndSplineSet
