Width: 462
Flags: W
LayerCount: 2
Fore
SplineSet
168 731 m 0,0,1
 178 731 178 731 178 723 c 0,2,3
 178 716 178 716 173.5 706.5 c 128,-1,4
 169 697 169 697 169 692 c 0,5,6
 169 681 169 681 178 681 c 0,7,8
 190 684 190 684 198.5 688 c 128,-1,9
 207 692 207 692 216 695 c 128,-1,10
 225 698 225 698 237 700 c 128,-1,11
 249 702 249 702 268 702 c 0,12,13
 312 702 312 702 341 697.5 c 128,-1,14
 370 693 370 693 396.5 687 c 128,-1,15
 423 681 423 681 453 676.5 c 128,-1,16
 483 672 483 672 528 672 c 0,17,18
 541 672 541 672 559.5 676 c 128,-1,19
 578 680 578 680 596.5 686.5 c 128,-1,20
 615 693 615 693 631.5 701 c 128,-1,21
 648 709 648 709 658 717 c 0,22,23
 659 718 659 718 662 719 c 0,24,25
 668 721 668 721 672 721 c 0,26,27
 686 721 686 721 686 715 c 0,28,29
 686 713 686 713 681 708 c 0,30,31
 677 704 677 704 669 697 c 128,-1,32
 661 690 661 690 652 683 c 0,33,34
 641 675 641 675 629 666 c 0,35,36
 561 609 561 609 490.5 531 c 128,-1,37
 420 453 420 453 357.5 365 c 128,-1,38
 295 277 295 277 246 185 c 128,-1,39
 197 93 197 93 173 8 c 0,40,41
 173 4 173 4 167 3 c 0,42,43
 164 2 164 2 155 1 c 128,-1,44
 146 0 146 0 134.5 -0.5 c 128,-1,45
 123 -1 123 -1 111.5 -1.5 c 128,-1,46
 100 -2 100 -2 92 -2 c 0,47,48
 85 -2 85 -2 85 8 c 0,49,50
 85 23 85 23 99 58 c 128,-1,51
 113 93 113 93 141 143 c 128,-1,52
 169 193 169 193 211 254.5 c 128,-1,53
 253 316 253 316 309 383 c 128,-1,54
 365 450 365 450 434.5 520.5 c 128,-1,55
 504 591 504 591 588 658 c 0,56,57
 590 660 590 660 583 660 c 0,58,59
 579 660 579 660 577 659 c 0,60,61
 526 642 526 642 484.5 637 c 128,-1,62
 443 632 443 632 406 632 c 0,63,64
 375 632 375 632 347.5 633.5 c 128,-1,65
 320 635 320 635 293 635 c 0,66,67
 258 635 258 635 223 629 c 128,-1,68
 188 623 188 623 150 603 c 0,69,70
 142 598 142 598 135.5 594 c 128,-1,71
 129 590 129 590 124 587 c 0,72,73
 119 583 119 583 114 580 c 256,74,75
 109 577 109 577 104 577 c 0,76,77
 95 577 95 577 95 584 c 0,78,79
 95 587 95 587 103 600 c 128,-1,80
 111 613 111 613 121.5 631.5 c 128,-1,81
 132 650 132 650 143.5 673 c 128,-1,82
 155 696 155 696 162 720 c 0,83,84
 162 722 162 722 163 725 c 0,85,86
 165 731 165 731 168 731 c 0,0,1
EndSplineSet
