Width: 555
Flags: W
LayerCount: 2
Fore
SplineSet
277 544 m 0,0,1
 277 516 277 516 294 504 c 128,-1,2
 311 492 311 492 333 492 c 0,3,4
 341 492 341 492 346 486 c 128,-1,5
 351 480 351 480 351 472 c 0,6,7
 351 461 351 461 338.5 451.5 c 128,-1,8
 326 442 326 442 294 442 c 0,9,10
 247 442 247 442 224.5 467.5 c 128,-1,11
 202 493 202 493 202 529 c 0,12,13
 202 575 202 575 225.5 610 c 128,-1,14
 249 645 249 645 285.5 668.5 c 128,-1,15
 322 692 322 692 367 704 c 128,-1,16
 412 716 412 716 455 716 c 0,17,18
 485 716 485 716 511.5 710 c 128,-1,19
 538 704 538 704 558.5 692 c 128,-1,20
 579 680 579 680 590.5 662 c 128,-1,21
 602 644 602 644 602 619 c 0,22,23
 602 568 602 568 561.5 528 c 128,-1,24
 521 488 521 488 460 453.5 c 128,-1,25
 399 419 399 419 328 387 c 128,-1,26
 257 355 257 355 196 319.5 c 128,-1,27
 135 284 135 284 94.5 243 c 128,-1,28
 54 202 54 202 54 150 c 0,29,30
 54 111 54 111 65 83.5 c 128,-1,31
 76 56 76 56 94.5 38.5 c 128,-1,32
 113 21 113 21 138 13 c 128,-1,33
 163 5 163 5 191 5 c 0,34,35
 244 5 244 5 291 27 c 128,-1,36
 338 49 338 49 373.5 81.5 c 128,-1,37
 409 114 409 114 429.5 152 c 128,-1,38
 450 190 450 190 450 222 c 0,39,40
 450 252 450 252 429 272 c 128,-1,41
 408 292 408 292 360 292 c 0,42,43
 337 292 337 292 326.5 300.5 c 128,-1,44
 316 309 316 309 316 320 c 0,45,46
 316 336 316 336 334.5 351.5 c 128,-1,47
 353 367 353 367 385 367 c 0,48,49
 456 367 456 367 489.5 333.5 c 128,-1,50
 523 300 523 300 523 252 c 0,51,52
 523 209 523 209 498 160.5 c 128,-1,53
 473 112 473 112 425.5 71.5 c 128,-1,54
 378 31 378 31 310.5 4 c 128,-1,55
 243 -23 243 -23 158 -23 c 0,56,57
 118 -23 118 -23 82 -14.5 c 128,-1,58
 46 -6 46 -6 19 11 c 128,-1,59
 -8 28 -8 28 -24 52.5 c 128,-1,60
 -40 77 -40 77 -40 110 c 0,61,62
 -40 157 -40 157 -16 195 c 128,-1,63
 8 233 8 233 47 264.5 c 128,-1,64
 86 296 86 296 136 323 c 128,-1,65
 186 350 186 350 238 374 c 128,-1,66
 290 398 290 398 340 421.5 c 128,-1,67
 390 445 390 445 429 470 c 128,-1,68
 468 495 468 495 492 523.5 c 128,-1,69
 516 552 516 552 516 586 c 0,70,71
 516 645 516 645 491.5 670 c 128,-1,72
 467 695 467 695 432 695 c 0,73,74
 406 695 406 695 378.5 683 c 128,-1,75
 351 671 351 671 328.5 650.5 c 128,-1,76
 306 630 306 630 291.5 602.5 c 128,-1,77
 277 575 277 575 277 544 c 0,0,1
EndSplineSet
