Width: 559
Flags: W
LayerCount: 2
Fore
SplineSet
-42 27 m 0,0,1
 -33 27 -33 27 -29 22 c 0,2,3
 -23 15 -23 15 -5.5 5.5 c 128,-1,4
 12 -4 12 -4 36 -4 c 0,5,6
 102 -4 102 -4 165.5 22.5 c 128,-1,7
 229 49 229 49 285 91.5 c 128,-1,8
 341 134 341 134 387 187.5 c 128,-1,9
 433 241 433 241 464 295 c 1,10,-1
 464 297 l 2,11,12
 464 299 464 299 462 299 c 0,13,14
 448 289 448 289 426 274 c 128,-1,15
 404 259 404 259 375.5 245.5 c 128,-1,16
 347 232 347 232 313 222 c 128,-1,17
 279 212 279 212 241 212 c 0,18,19
 194 212 194 212 161 223 c 128,-1,20
 128 234 128 234 107 253 c 128,-1,21
 86 272 86 272 76.5 298.5 c 128,-1,22
 67 325 67 325 67 355 c 0,23,24
 67 393 67 393 81 435.5 c 128,-1,25
 95 478 95 478 120.5 519.5 c 128,-1,26
 146 561 146 561 181.5 599 c 128,-1,27
 217 637 217 637 260 665.5 c 128,-1,28
 303 694 303 694 351 711 c 128,-1,29
 399 728 399 728 451 728 c 256,30,31
 503 728 503 728 541 715 c 128,-1,32
 579 702 579 702 603 679.5 c 128,-1,33
 627 657 627 657 638.5 625.5 c 128,-1,34
 650 594 650 594 650 557 c 0,35,36
 650 501 650 501 626.5 436 c 128,-1,37
 603 371 603 371 561 306 c 128,-1,38
 519 241 519 241 460.5 180.5 c 128,-1,39
 402 120 402 120 331.5 73.5 c 128,-1,40
 261 27 261 27 182 -1 c 128,-1,41
 103 -29 103 -29 19 -29 c 0,42,43
 -24 -29 -24 -29 -45 -15.5 c 128,-1,44
 -66 -2 -66 -2 -66 11 c 0,45,46
 -66 27 -66 27 -42 27 c 0,0,1
253 234 m 0,47,48
 280 234 280 234 307.5 241 c 128,-1,49
 335 248 335 248 361.5 259 c 128,-1,50
 388 270 388 270 411.5 285 c 128,-1,51
 435 300 435 300 454 316 c 0,52,53
 477 335 477 335 497 364 c 128,-1,54
 517 393 517 393 532 427.5 c 128,-1,55
 547 462 547 462 555.5 498.5 c 128,-1,56
 564 535 564 535 564 569 c 0,57,58
 564 597 564 597 557.5 622.5 c 128,-1,59
 551 648 551 648 536 666.5 c 128,-1,60
 521 685 521 685 497 696 c 128,-1,61
 473 707 473 707 439 707 c 0,62,63
 403 707 403 707 368 690 c 128,-1,64
 333 673 333 673 302 644 c 128,-1,65
 271 615 271 615 244.5 577.5 c 128,-1,66
 218 540 218 540 199 499.5 c 128,-1,67
 180 459 180 459 169.5 418.5 c 128,-1,68
 159 378 159 378 159 343 c 0,69,70
 159 295 159 295 181 264.5 c 128,-1,71
 203 234 203 234 253 234 c 0,47,48
EndSplineSet
