Width: 526
Flags: W
LayerCount: 2
Fore
SplineSet
512 347 m 0,0,1
 512 333 512 333 495 333 c 2,2,-1
 100 333 l 2,3,4
 95 333 95 333 93 337 c 128,-1,5
 91 341 91 341 91 346 c 0,6,7
 91 356 91 356 96 356 c 0,8,9
 105 356 105 356 127 356 c 128,-1,10
 149 356 149 356 179.5 356 c 128,-1,11
 210 356 210 356 245.5 356.5 c 128,-1,12
 281 357 281 357 317 357 c 0,13,14
 401 357 401 357 502 358 c 0,15,16
 505 358 505 358 508.5 355 c 128,-1,17
 512 352 512 352 512 347 c 0,0,1
476 251 m 0,18,19
 476 237 476 237 459 237 c 2,20,-1
 64 237 l 2,21,22
 59 237 59 237 57 241 c 128,-1,23
 55 245 55 245 55 250 c 0,24,25
 55 260 55 260 60 260 c 0,26,27
 69 260 69 260 91 260 c 128,-1,28
 113 260 113 260 143.5 260 c 128,-1,29
 174 260 174 260 209.5 260.5 c 128,-1,30
 245 261 245 261 281 261 c 0,31,32
 365 261 365 261 466 262 c 0,33,34
 469 262 469 262 472.5 259 c 128,-1,35
 476 256 476 256 476 251 c 0,18,19
EndSplineSet
