Width: 1000
Flags: W
LayerCount: 2
Fore
SplineSet
851 66 m 0,0,1
 849 61 849 61 848 57.5 c 128,-1,2
 847 54 847 54 847 50 c 0,3,4
 847 36 847 36 858.5 29 c 128,-1,5
 870 22 870 22 887 20 c 0,6,7
 893 19 893 19 898.5 19 c 128,-1,8
 904 19 904 19 914 19 c 0,9,10
 919 19 919 19 919 11 c 0,11,12
 919 7 919 7 916.5 3.5 c 128,-1,13
 914 0 914 0 909 0 c 0,14,15
 905 0 905 0 894 0.5 c 128,-1,16
 883 1 883 1 868 2 c 128,-1,17
 853 3 853 3 835.5 3.5 c 128,-1,18
 818 4 818 4 802 4 c 0,19,20
 790 4 790 4 773 4 c 128,-1,21
 756 4 756 4 740 3.5 c 128,-1,22
 724 3 724 3 711.5 2.5 c 128,-1,23
 699 2 699 2 696 2 c 0,24,25
 690 2 690 2 690 5 c 128,-1,26
 690 8 690 8 689 11 c 0,27,28
 689 14 689 14 690.5 17.5 c 128,-1,29
 692 21 692 21 697 22 c 0,30,31
 717 22 717 22 730.5 26 c 128,-1,32
 744 30 744 30 754 38.5 c 128,-1,33
 764 47 764 47 771.5 59 c 128,-1,34
 779 71 779 71 787 88 c 0,35,36
 807 130 807 130 839.5 204.5 c 128,-1,37
 872 279 872 279 910 367 c 1,38,-1
 736 375 l 1,39,40
 684 301 684 301 629 231.5 c 128,-1,41
 574 162 574 162 511.5 108.5 c 128,-1,42
 449 55 449 55 376 22.5 c 128,-1,43
 303 -10 303 -10 214 -10 c 0,44,45
 158 -10 158 -10 118 5 c 128,-1,46
 78 20 78 20 52 45 c 128,-1,47
 26 70 26 70 14 103 c 128,-1,48
 2 136 2 136 2 173 c 0,49,50
 2 213 2 213 14.5 253.5 c 128,-1,51
 27 294 27 294 53 331 c 1,52,53
 34 370 34 370 34 420 c 0,54,55
 34 469 34 469 54 519.5 c 128,-1,56
 74 570 74 570 114.5 614.5 c 128,-1,57
 155 659 155 659 215 694 c 128,-1,58
 275 729 275 729 355 747 c 1,59,60
 328 773 328 773 299.5 797 c 128,-1,61
 271 821 271 821 241.5 839 c 128,-1,62
 212 857 212 857 180.5 867.5 c 128,-1,63
 149 878 149 878 116 878 c 0,64,65
 81 878 81 878 65 857.5 c 128,-1,66
 49 837 49 837 49 811 c 256,67,68
 49 785 49 785 63 764 c 128,-1,69
 77 743 77 743 101 743 c 0,70,71
 114 743 114 743 123.5 748 c 128,-1,72
 133 753 133 753 139 759.5 c 128,-1,73
 145 766 145 766 148.5 772 c 128,-1,74
 152 778 152 778 154 780 c 2,75,-1
 157 783 l 2,76,77
 161 787 161 787 167 787 c 0,78,79
 185 787 185 787 185 775 c 256,80,81
 185 763 185 763 163.5 747 c 128,-1,82
 142 731 142 731 104 731 c 0,83,84
 56 731 56 731 33.5 754 c 128,-1,85
 11 777 11 777 11 806 c 0,86,87
 11 822 11 822 18 838 c 128,-1,88
 25 854 25 854 38.5 866.5 c 128,-1,89
 52 879 52 879 72 886.5 c 128,-1,90
 92 894 92 894 119 894 c 0,91,92
 152 894 152 894 185 882 c 128,-1,93
 218 870 218 870 249.5 850 c 128,-1,94
 281 830 281 830 311.5 804.5 c 128,-1,95
 342 779 342 779 372 751 c 1,96,97
 401 756 401 756 433.5 759.5 c 128,-1,98
 466 763 466 763 501 763 c 0,99,100
 564 763 564 763 610.5 749.5 c 128,-1,101
 657 736 657 736 688 715 c 128,-1,102
 719 694 719 694 734 668.5 c 128,-1,103
 749 643 749 643 749 619 c 0,104,105
 749 589 749 589 725.5 567.5 c 128,-1,106
 702 546 702 546 654 546 c 0,107,108
 615 546 615 546 579 562 c 128,-1,109
 543 578 543 578 508.5 604 c 128,-1,110
 474 630 474 630 439.5 663.5 c 128,-1,111
 405 697 405 697 371 732 c 1,112,113
 302 715 302 715 247 679 c 128,-1,114
 192 643 192 643 153.5 597.5 c 128,-1,115
 115 552 115 552 95 500.5 c 128,-1,116
 75 449 75 449 75 401 c 0,117,118
 75 381 75 381 78 363 c 1,119,-1
 81 366 l 2,120,121
 106 393 106 393 134.5 412 c 128,-1,122
 163 431 163 431 193 443 c 128,-1,123
 223 455 223 455 252.5 461 c 128,-1,124
 282 467 282 467 309 467 c 0,125,126
 353 467 353 467 387 455.5 c 128,-1,127
 421 444 421 444 444 425.5 c 128,-1,128
 467 407 467 407 479 383.5 c 128,-1,129
 491 360 491 360 491 336 c 256,130,131
 491 312 491 312 479 289 c 128,-1,132
 467 266 467 266 441.5 248 c 128,-1,133
 416 230 416 230 377 219 c 128,-1,134
 338 208 338 208 285 208 c 0,135,136
 217 208 217 208 168 227.5 c 128,-1,137
 119 247 119 247 88 279 c 1,138,139
 64 225 64 225 64 170 c 0,140,141
 64 138 64 138 73.5 110 c 128,-1,142
 83 82 83 82 103 61 c 128,-1,143
 123 40 123 40 154.5 28 c 128,-1,144
 186 16 186 16 230 16 c 0,145,146
 309 16 309 16 377.5 49.5 c 128,-1,147
 446 83 446 83 509 140 c 128,-1,148
 572 197 572 197 632 273.5 c 128,-1,149
 692 350 692 350 754 437 c 0,150,151
 837 555 837 555 911 652 c 128,-1,152
 985 749 985 749 1062.5 818 c 128,-1,153
 1140 887 1140 887 1227 925 c 128,-1,154
 1314 963 1314 963 1424 963 c 0,155,156
 1491 963 1491 963 1536.5 950.5 c 128,-1,157
 1582 938 1582 938 1609.5 917.5 c 128,-1,158
 1637 897 1637 897 1649 872 c 128,-1,159
 1661 847 1661 847 1661 823 c 0,160,161
 1661 804 1661 804 1654.5 786.5 c 128,-1,162
 1648 769 1648 769 1637.5 755.5 c 128,-1,163
 1627 742 1627 742 1613.5 734 c 128,-1,164
 1600 726 1600 726 1585 726 c 0,165,166
 1571 726 1571 726 1564 733 c 128,-1,167
 1557 740 1557 740 1557 749 c 256,168,169
 1557 758 1557 758 1563.5 765.5 c 128,-1,170
 1570 773 1570 773 1584 775 c 0,171,172
 1610 777 1610 777 1624.5 792 c 128,-1,173
 1639 807 1639 807 1639 828 c 0,174,175
 1639 847 1639 847 1626.5 868 c 128,-1,176
 1614 889 1614 889 1587 906.5 c 128,-1,177
 1560 924 1560 924 1518.5 935.5 c 128,-1,178
 1477 947 1477 947 1420 947 c 0,179,180
 1387 947 1387 947 1350 940 c 128,-1,181
 1313 933 1313 933 1277.5 914.5 c 128,-1,182
 1242 896 1242 896 1211.5 864.5 c 128,-1,183
 1181 833 1181 833 1161 785 c 0,184,185
 1131 712 1131 712 1049.5 530 c 128,-1,186
 968 348 968 348 851 66 c 0,0,1
278 227 m 0,187,188
 318 227 318 227 350 238.5 c 128,-1,189
 382 250 382 250 404 269 c 128,-1,190
 426 288 426 288 438 311 c 128,-1,191
 450 334 450 334 450 357 c 0,192,193
 450 394 450 394 417 422.5 c 128,-1,194
 384 451 384 451 313 451 c 0,195,196
 278 451 278 451 247 439.5 c 128,-1,197
 216 428 216 428 189 408 c 128,-1,198
 162 388 162 388 139.5 361.5 c 128,-1,199
 117 335 117 335 101 305 c 1,200,201
 124 270 124 270 167.5 248.5 c 128,-1,202
 211 227 211 227 278 227 c 0,187,188
781 399 m 2,203,204
 798 399 798 399 819 399 c 128,-1,205
 840 399 840 399 860.5 400 c 128,-1,206
 881 401 881 401 898.5 402 c 128,-1,207
 916 403 916 403 926 405 c 1,208,209
 953 469 953 469 979.5 532.5 c 128,-1,210
 1006 596 1006 596 1029 650 c 128,-1,211
 1052 704 1052 704 1069 744 c 128,-1,212
 1086 784 1086 784 1094 802 c 0,213,214
 1094 803 1094 803 1095 804 c 0,215,216
 1095 805 1095 805 1095.5 806 c 128,-1,217
 1096 807 1096 807 1096 809 c 0,218,219
 1096 812 1096 812 1093 812 c 0,220,221
 1082 812 1082 812 1060.5 792.5 c 128,-1,222
 1039 773 1039 773 1011 741 c 128,-1,223
 983 709 983 709 950 667.5 c 128,-1,224
 917 626 917 626 883.5 581.5 c 128,-1,225
 850 537 850 537 818.5 492.5 c 128,-1,226
 787 448 787 448 761 411 c 0,227,228
 755 403 755 403 753 399 c 1,229,-1
 781 399 l 2,203,204
626 567 m 0,230,231
 664 567 664 567 682 582 c 128,-1,232
 700 597 700 597 700 620 c 0,233,234
 700 639 700 639 686 661 c 128,-1,235
 672 683 672 683 644 702 c 128,-1,236
 616 721 616 721 575 733 c 128,-1,237
 534 745 534 745 480 745 c 0,238,239
 431 745 431 745 388 736 c 1,240,241
 421 703 421 703 452 672.5 c 128,-1,242
 483 642 483 642 513 618.5 c 128,-1,243
 543 595 543 595 571 581 c 128,-1,244
 599 567 599 567 626 567 c 0,230,231
EndSplineSet
