Width: 721
Flags: W
LayerCount: 2
Fore
SplineSet
-17 349 m 0,0,1
 -77 349 -77 349 -105 382 c 128,-1,2
 -133 415 -133 415 -133 467 c 0,3,4
 -133 510 -133 510 -114.5 561.5 c 128,-1,5
 -96 613 -96 613 -60.5 665.5 c 128,-1,6
 -25 718 -25 718 27 767.5 c 128,-1,7
 79 817 79 817 145.5 855 c 128,-1,8
 212 893 212 893 293 916 c 128,-1,9
 374 939 374 939 467 939 c 256,10,11
 560 939 560 939 626.5 923.5 c 128,-1,12
 693 908 693 908 735.5 882.5 c 128,-1,13
 778 857 778 857 798 823.5 c 128,-1,14
 818 790 818 790 818 754 c 0,15,16
 818 723 818 723 804 692.5 c 128,-1,17
 790 662 790 662 764 634 c 128,-1,18
 738 606 738 606 700.5 583.5 c 128,-1,19
 663 561 663 561 616 546 c 1,20,21
 678 514 678 514 709 459.5 c 128,-1,22
 740 405 740 405 740 342 c 0,23,24
 740 282 740 282 710.5 220 c 128,-1,25
 681 158 681 158 621 108.5 c 128,-1,26
 561 59 561 59 470 27.5 c 128,-1,27
 379 -4 379 -4 255 -4 c 0,28,29
 226 -4 226 -4 207.5 -3 c 128,-1,30
 189 -2 189 -2 172.5 -1.5 c 128,-1,31
 156 -1 156 -1 138.5 0 c 128,-1,32
 121 1 121 1 95 1 c 0,33,34
 83 1 83 1 66 1 c 128,-1,35
 49 1 49 1 33 0.5 c 128,-1,36
 17 0 17 0 4.5 -0.5 c 128,-1,37
 -8 -1 -8 -1 -11 -1 c 0,38,39
 -17 -1 -17 -1 -17 2 c 128,-1,40
 -17 5 -17 5 -18 8 c 0,41,42
 -18 11 -18 11 -16.5 14.5 c 128,-1,43
 -15 18 -15 18 -10 19 c 0,44,45
 10 19 10 19 23.5 23 c 128,-1,46
 37 27 37 27 47 34.5 c 128,-1,47
 57 42 57 42 64 54 c 128,-1,48
 71 66 71 66 79 83 c 2,49,-1
 351 713 l 2,50,51
 354 719 354 719 354 724 c 0,52,53
 354 736 354 736 338 736 c 0,54,55
 332 736 332 736 328 735 c 0,56,57
 319 735 319 735 319 745 c 0,58,59
 319 753 319 753 327 754 c 0,60,61
 334 756 334 756 354.5 763 c 128,-1,62
 375 770 375 770 395 778 c 256,63,64
 415 786 415 786 438 798 c 128,-1,65
 461 810 461 810 475 821 c 0,66,67
 480 825 480 825 484 825 c 256,68,69
 488 825 488 825 489 822 c 128,-1,70
 490 819 490 819 490 816 c 0,71,72
 490 810 490 810 489 809 c 0,73,74
 479 801 479 801 470 792.5 c 128,-1,75
 461 784 461 784 450 761 c 0,76,77
 445 751 445 751 435.5 732.5 c 128,-1,78
 426 714 426 714 410 681 c 128,-1,79
 394 648 394 648 371 597.5 c 128,-1,80
 348 547 348 547 315.5 472.5 c 128,-1,81
 283 398 283 398 240.5 297 c 128,-1,82
 198 196 198 196 144 63 c 0,83,84
 140 52 140 52 140 42 c 256,85,86
 140 32 140 32 147 26 c 128,-1,87
 154 20 154 20 171 17 c 128,-1,88
 188 14 188 14 216 13.5 c 128,-1,89
 244 13 244 13 286 13 c 0,90,91
 371 13 371 13 440 47.5 c 128,-1,92
 509 82 509 82 557.5 135 c 128,-1,93
 606 188 606 188 632.5 252.5 c 128,-1,94
 659 317 659 317 659 377 c 0,95,96
 659 427 659 427 639.5 468.5 c 128,-1,97
 620 510 620 510 578 536 c 1,98,99
 527 524 527 524 467 524 c 0,100,101
 429 524 429 524 411 531.5 c 128,-1,102
 393 539 393 539 393 549 c 0,103,104
 393 560 393 560 413.5 569 c 128,-1,105
 434 578 434 578 472 578 c 0,106,107
 540 578 540 578 595 556 c 1,108,109
 666 582 666 582 704.5 632.5 c 128,-1,110
 743 683 743 683 743 738 c 0,111,112
 743 773 743 773 726 806 c 128,-1,113
 709 839 709 839 674 865 c 128,-1,114
 639 891 639 891 584.5 906.5 c 128,-1,115
 530 922 530 922 455 922 c 0,116,117
 371 922 371 922 299 898.5 c 128,-1,118
 227 875 227 875 168 836 c 128,-1,119
 109 797 109 797 63.5 747.5 c 128,-1,120
 18 698 18 698 -13 646.5 c 128,-1,121
 -44 595 -44 595 -60 545 c 128,-1,122
 -76 495 -76 495 -76 456 c 0,123,124
 -76 416 -76 416 -58.5 391.5 c 128,-1,125
 -41 367 -41 367 -6 367 c 0,126,127
 31 367 31 367 57.5 378 c 128,-1,128
 84 389 84 389 100.5 405.5 c 128,-1,129
 117 422 117 422 124.5 442 c 128,-1,130
 132 462 132 462 132 481 c 0,131,132
 132 503 132 503 123 518 c 0,133,134
 117 528 117 528 117 537 c 256,135,136
 117 546 117 546 123.5 550.5 c 128,-1,137
 130 555 130 555 138 555 c 0,138,139
 155 555 155 555 163 543 c 128,-1,140
 171 531 171 531 171 512 c 0,141,142
 171 489 171 489 159 461 c 128,-1,143
 147 433 147 433 123.5 408 c 128,-1,144
 100 383 100 383 65 366 c 128,-1,145
 30 349 30 349 -17 349 c 0,0,1
460 565 m 0,146,147
 447 565 447 565 441 561.5 c 128,-1,148
 435 558 435 558 435 553 c 0,149,150
 435 547 435 547 445 541.5 c 128,-1,151
 455 536 455 536 476 536 c 0,152,153
 521 536 521 536 560 545 c 1,154,155
 517 565 517 565 460 565 c 0,146,147
EndSplineSet
