Width: 667
Flags: W
LayerCount: 2
Fore
SplineSet
86 739 m 0,0,1
 97 733 97 733 97 719 c 0,2,3
 97 711 97 711 92.5 705.5 c 128,-1,4
 88 700 88 700 77 700 c 0,5,6
 50 700 50 700 33.5 720.5 c 128,-1,7
 17 741 17 741 17 770 c 0,8,9
 17 788 17 788 25 809 c 128,-1,10
 33 830 33 830 50.5 848 c 128,-1,11
 68 866 68 866 95 877.5 c 128,-1,12
 122 889 122 889 161 889 c 0,13,14
 218 889 218 889 268 865.5 c 128,-1,15
 318 842 318 842 365 811 c 1,16,17
 437 862 437 862 512.5 891.5 c 128,-1,18
 588 921 588 921 663 921 c 0,19,20
 717 921 717 921 755 910 c 128,-1,21
 793 899 793 899 817 880.5 c 128,-1,22
 841 862 841 862 852 837 c 128,-1,23
 863 812 863 812 863 784 c 0,24,25
 863 742 863 742 840.5 697 c 128,-1,26
 818 652 818 652 779.5 615.5 c 128,-1,27
 741 579 741 579 690.5 555 c 128,-1,28
 640 531 640 531 583 531 c 0,29,30
 552 531 552 531 530 539 c 128,-1,31
 508 547 508 547 493.5 560.5 c 128,-1,32
 479 574 479 574 472.5 592 c 128,-1,33
 466 610 466 610 466 630 c 0,34,35
 466 671 466 671 491 710 c 1,36,37
 462 725 462 725 434 744 c 128,-1,38
 406 763 406 763 377 783 c 1,39,40
 314 729 314 729 260 659 c 128,-1,41
 206 589 206 589 167 512.5 c 128,-1,42
 128 436 128 436 106 358.5 c 128,-1,43
 84 281 84 281 84 213 c 0,44,45
 84 163 84 163 97 120.5 c 128,-1,46
 110 78 110 78 138 46.5 c 128,-1,47
 166 15 166 15 210 -2.5 c 128,-1,48
 254 -20 254 -20 316 -20 c 0,49,50
 365 -20 365 -20 411.5 -5 c 128,-1,51
 458 10 458 10 494.5 36 c 128,-1,52
 531 62 531 62 553.5 97 c 128,-1,53
 576 132 576 132 576 171 c 0,54,55
 576 209 576 209 590 225.5 c 128,-1,56
 604 242 604 242 619 242 c 0,57,58
 637 242 637 242 645.5 231 c 128,-1,59
 654 220 654 220 654 203 c 0,60,61
 654 173 654 173 629 130 c 128,-1,62
 604 87 604 87 555.5 47 c 128,-1,63
 507 7 507 7 434 -21.5 c 128,-1,64
 361 -50 361 -50 265 -50 c 0,65,66
 188 -50 188 -50 134.5 -32 c 128,-1,67
 81 -14 81 -14 46.5 17.5 c 128,-1,68
 12 49 12 49 -3.5 92.5 c 128,-1,69
 -19 136 -19 136 -19 187 c 0,70,71
 -19 260 -19 260 10 343.5 c 128,-1,72
 39 427 39 427 89 509.5 c 128,-1,73
 139 592 139 592 206.5 668 c 128,-1,74
 274 744 274 744 351 801 c 1,75,76
 306 830 306 830 262.5 851 c 128,-1,77
 219 872 219 872 176 872 c 0,78,79
 143 872 143 872 119 865 c 128,-1,80
 95 858 95 858 79.5 846.5 c 128,-1,81
 64 835 64 835 56 820.5 c 128,-1,82
 48 806 48 806 48 792 c 0,83,84
 48 776 48 776 57.5 761.5 c 128,-1,85
 67 747 67 747 86 739 c 0,0,1
500 722 m 1,86,87
 520 748 520 748 551 765 c 128,-1,88
 582 782 582 782 622 782 c 0,89,90
 655 782 655 782 672 767.5 c 128,-1,91
 689 753 689 753 689 735 c 0,92,93
 689 714 689 714 666.5 695.5 c 128,-1,94
 644 677 644 677 599 677 c 0,95,96
 576 677 576 677 554 683.5 c 128,-1,97
 532 690 532 690 509 701 c 1,98,99
 494 674 494 674 494 643 c 0,100,101
 494 606 494 606 518.5 577.5 c 128,-1,102
 543 549 543 549 597 549 c 0,103,104
 638 549 638 549 673.5 570 c 128,-1,105
 709 591 709 591 735.5 623.5 c 128,-1,106
 762 656 762 656 777 695.5 c 128,-1,107
 792 735 792 735 792 773 c 0,108,109
 792 799 792 799 784 822 c 128,-1,110
 776 845 776 845 759.5 862.5 c 128,-1,111
 743 880 743 880 716 890 c 128,-1,112
 689 900 689 900 652 900 c 0,113,114
 583 900 583 900 517 871 c 128,-1,115
 451 842 451 842 390 793 c 1,116,117
 419 773 419 773 446 754.5 c 128,-1,118
 473 736 473 736 500 722 c 1,86,87
591 696 m 0,119,120
 620 696 620 696 633.5 706.5 c 128,-1,121
 647 717 647 717 647 729 c 256,122,123
 647 741 647 741 636 750.5 c 128,-1,124
 625 760 625 760 606 760 c 0,125,126
 577 760 577 760 554 747 c 128,-1,127
 531 734 531 734 517 714 c 1,128,129
 535 706 535 706 553.5 701 c 128,-1,130
 572 696 572 696 591 696 c 0,119,120
EndSplineSet
