Width: 779
Flags: W
LayerCount: 2
Fore
SplineSet
377 713 m 0,0,1
 380 719 380 719 380 724 c 0,2,3
 380 736 380 736 364 736 c 0,4,5
 358 736 358 736 354 735 c 0,6,7
 345 735 345 735 345 745 c 0,8,9
 345 753 345 753 353 754 c 0,10,11
 360 756 360 756 380.5 763 c 128,-1,12
 401 770 401 770 421 778 c 256,13,14
 441 786 441 786 464 798 c 128,-1,15
 487 810 487 810 501 821 c 0,16,17
 506 825 506 825 510 825 c 256,18,19
 514 825 514 825 515 822 c 128,-1,20
 516 819 516 819 516 816 c 0,21,22
 516 810 516 810 515 809 c 0,23,24
 505 801 505 801 496 792.5 c 128,-1,25
 487 784 487 784 476 761 c 0,26,27
 471 751 471 751 461.5 732.5 c 128,-1,28
 452 714 452 714 436 681 c 128,-1,29
 420 648 420 648 397 597.5 c 128,-1,30
 374 547 374 547 341.5 472.5 c 128,-1,31
 309 398 309 398 266.5 297 c 128,-1,32
 224 196 224 196 170 63 c 0,33,34
 165 45 165 45 165 37 c 0,35,36
 165 20 165 20 186.5 17.5 c 128,-1,37
 208 15 208 15 266 15 c 0,38,39
 343 15 343 15 412 39.5 c 128,-1,40
 481 64 481 64 539.5 106 c 128,-1,41
 598 148 598 148 645 204 c 128,-1,42
 692 260 692 260 724.5 323 c 128,-1,43
 757 386 757 386 774.5 452.5 c 128,-1,44
 792 519 792 519 792 582 c 256,45,46
 792 645 792 645 773 701.5 c 128,-1,47
 754 758 754 758 714 800.5 c 128,-1,48
 674 843 674 843 611 868 c 128,-1,49
 548 893 548 893 461 893 c 0,50,51
 377 893 377 893 305 869.5 c 128,-1,52
 233 846 233 846 174 807 c 128,-1,53
 115 768 115 768 69.5 718.5 c 128,-1,54
 24 669 24 669 -7 617.5 c 128,-1,55
 -38 566 -38 566 -54 516 c 128,-1,56
 -70 466 -70 466 -70 427 c 0,57,58
 -70 387 -70 387 -52.5 362.5 c 128,-1,59
 -35 338 -35 338 0 338 c 0,60,61
 37 338 37 338 63.5 349 c 128,-1,62
 90 360 90 360 106.5 376.5 c 128,-1,63
 123 393 123 393 130.5 413 c 128,-1,64
 138 433 138 433 138 452 c 0,65,66
 138 474 138 474 129 489 c 0,67,68
 123 499 123 499 123 508 c 256,69,70
 123 517 123 517 129.5 521.5 c 128,-1,71
 136 526 136 526 144 526 c 0,72,73
 161 526 161 526 169 514 c 128,-1,74
 177 502 177 502 177 483 c 0,75,76
 177 460 177 460 165 432 c 128,-1,77
 153 404 153 404 129.5 379 c 128,-1,78
 106 354 106 354 71 337 c 128,-1,79
 36 320 36 320 -11 320 c 0,80,81
 -71 320 -71 320 -99 353 c 128,-1,82
 -127 386 -127 386 -127 438 c 0,83,84
 -127 481 -127 481 -108.5 532.5 c 128,-1,85
 -90 584 -90 584 -54.5 636.5 c 128,-1,86
 -19 689 -19 689 33 738.5 c 128,-1,87
 85 788 85 788 151.5 826 c 128,-1,88
 218 864 218 864 299 887 c 128,-1,89
 380 910 380 910 473 910 c 0,90,91
 579 910 579 910 656 882 c 128,-1,92
 733 854 733 854 783.5 806.5 c 128,-1,93
 834 759 834 759 858 696 c 128,-1,94
 882 633 882 633 882 563 c 0,95,96
 882 499 882 499 862.5 432 c 128,-1,97
 843 365 843 365 805 302.5 c 128,-1,98
 767 240 767 240 712 184.5 c 128,-1,99
 657 129 657 129 586 88 c 128,-1,100
 515 47 515 47 428.5 23 c 128,-1,101
 342 -1 342 -1 242 -1 c 0,102,103
 233 -1 233 -1 218.5 -0.5 c 128,-1,104
 204 0 204 0 186.5 0 c 128,-1,105
 169 0 169 0 151.5 0.5 c 128,-1,106
 134 1 134 1 121 1 c 0,107,108
 109 1 109 1 92 1 c 128,-1,109
 75 1 75 1 59 0.5 c 128,-1,110
 43 0 43 0 30.5 -0.5 c 128,-1,111
 18 -1 18 -1 15 -1 c 0,112,113
 9 -1 9 -1 9 2 c 128,-1,114
 9 5 9 5 8 8 c 0,115,116
 8 11 8 11 9.5 14.5 c 128,-1,117
 11 18 11 18 16 19 c 0,118,119
 36 19 36 19 49.5 23 c 128,-1,120
 63 27 63 27 72.5 34.5 c 128,-1,121
 82 42 82 42 89.5 54 c 128,-1,122
 97 66 97 66 105 83 c 0,123,124
 109 92 109 92 123.5 125 c 128,-1,125
 138 158 138 158 159.5 208 c 128,-1,126
 181 258 181 258 207.5 320 c 128,-1,127
 234 382 234 382 263 449.5 c 128,-1,128
 292 517 292 517 321 584.5 c 128,-1,129
 350 652 350 652 377 713 c 0,0,1
EndSplineSet
