Width: 732
Flags: W
LayerCount: 2
Fore
SplineSet
610 724 m 0,0,1
 610 708 610 708 613 692 c 128,-1,2
 616 676 616 676 623 663 c 128,-1,3
 630 650 630 650 641.5 642 c 128,-1,4
 653 634 653 634 671 634 c 0,5,6
 693 634 693 634 713 645.5 c 128,-1,7
 733 657 733 657 748 676 c 128,-1,8
 763 695 763 695 771.5 719 c 128,-1,9
 780 743 780 743 780 768 c 0,10,11
 780 791 780 791 771.5 813 c 128,-1,12
 763 835 763 835 744 852 c 128,-1,13
 725 869 725 869 694.5 879.5 c 128,-1,14
 664 890 664 890 621 890 c 0,15,16
 554 890 554 890 501 869.5 c 128,-1,17
 448 849 448 849 411 817 c 128,-1,18
 374 785 374 785 354 746 c 128,-1,19
 334 707 334 707 334 669 c 0,20,21
 334 637 334 637 348.5 609.5 c 128,-1,22
 363 582 363 582 393 563 c 1,23,24
 465 586 465 586 542 586 c 0,25,26
 585 586 585 586 605.5 576.5 c 128,-1,27
 626 567 626 567 626 555 c 0,28,29
 626 541 626 541 597.5 527.5 c 128,-1,30
 569 514 569 514 512 514 c 0,31,32
 435 514 435 514 381 534 c 1,33,34
 323 506 323 506 275.5 462 c 128,-1,35
 228 418 228 418 193.5 367 c 128,-1,36
 159 316 159 316 140 262 c 128,-1,37
 121 208 121 208 121 159 c 0,38,39
 121 101 121 101 149.5 57 c 128,-1,40
 178 13 178 13 244 -4 c 1,41,42
 255 49 255 49 267.5 102 c 128,-1,43
 280 155 280 155 298.5 204 c 128,-1,44
 317 253 317 253 343 295.5 c 128,-1,45
 369 338 369 338 405 369 c 128,-1,46
 441 400 441 400 489.5 418 c 128,-1,47
 538 436 538 436 603 436 c 0,48,49
 682 436 682 436 718 402.5 c 128,-1,50
 754 369 754 369 754 319 c 0,51,52
 754 267 754 267 719.5 205.5 c 128,-1,53
 685 144 685 144 624.5 91 c 128,-1,54
 564 38 564 38 481 2.5 c 128,-1,55
 398 -33 398 -33 301 -33 c 2,56,-1
 299 -33 l 1,57,58
 283 -101 283 -101 263.5 -164 c 128,-1,59
 244 -227 244 -227 214.5 -275.5 c 128,-1,60
 185 -324 185 -324 142.5 -353 c 128,-1,61
 100 -382 100 -382 37 -382 c 0,62,63
 8 -382 8 -382 -18 -372.5 c 128,-1,64
 -44 -363 -44 -363 -63.5 -345 c 128,-1,65
 -83 -327 -83 -327 -94.5 -301 c 128,-1,66
 -106 -275 -106 -275 -106 -243 c 0,67,68
 -106 -208 -106 -208 -94 -183 c 128,-1,69
 -82 -158 -82 -158 -64 -158 c 0,70,71
 -47 -158 -47 -158 -40 -168 c 128,-1,72
 -33 -178 -33 -178 -33 -186 c 0,73,74
 -33 -191 -33 -191 -36.5 -201.5 c 128,-1,75
 -40 -212 -40 -212 -44 -226 c 128,-1,76
 -48 -240 -48 -240 -51.5 -257 c 128,-1,77
 -55 -274 -55 -274 -55 -290 c 0,78,79
 -55 -308 -55 -308 -47.5 -322 c 128,-1,80
 -40 -336 -40 -336 -27.5 -345.5 c 128,-1,81
 -15 -355 -15 -355 1 -360 c 128,-1,82
 17 -365 17 -365 35 -365 c 0,83,84
 86 -365 86 -365 119 -337.5 c 128,-1,85
 152 -310 152 -310 174.5 -263.5 c 128,-1,86
 197 -217 197 -217 211 -156 c 128,-1,87
 225 -95 225 -95 239 -29 c 1,88,89
 183 -23 183 -23 143.5 -6.5 c 128,-1,90
 104 10 104 10 78.5 34.5 c 128,-1,91
 53 59 53 59 41 90 c 128,-1,92
 29 121 29 121 29 156 c 0,93,94
 29 208 29 208 53 264.5 c 128,-1,95
 77 321 77 321 119.5 374.5 c 128,-1,96
 162 428 162 428 221 473 c 128,-1,97
 280 518 280 518 350 547 c 1,98,99
 308 569 308 569 287.5 602 c 128,-1,100
 267 635 267 635 267 673 c 0,101,102
 267 714 267 714 291 756 c 128,-1,103
 315 798 315 798 361.5 831.5 c 128,-1,104
 408 865 408 865 476 886.5 c 128,-1,105
 544 908 544 908 632 908 c 0,106,107
 686 908 686 908 725.5 896 c 128,-1,108
 765 884 765 884 790 864.5 c 128,-1,109
 815 845 815 845 827 820 c 128,-1,110
 839 795 839 795 839 769 c 0,111,112
 839 742 839 742 826.5 715.5 c 128,-1,113
 814 689 814 689 791 668 c 128,-1,114
 768 647 768 647 735 634 c 128,-1,115
 702 621 702 621 660 621 c 0,116,117
 635 621 635 621 616.5 629 c 128,-1,118
 598 637 598 637 586 650 c 128,-1,119
 574 663 574 663 568.5 678 c 128,-1,120
 563 693 563 693 563 707 c 0,121,122
 563 724 563 724 570.5 735 c 128,-1,123
 578 746 578 746 593 746 c 0,124,125
 597 746 597 746 601 743 c 0,126,127
 604 741 604 741 607 736.5 c 128,-1,128
 610 732 610 732 610 724 c 0,0,1
318 -13 m 2,129,130
 366 -13 366 -13 412.5 4 c 128,-1,131
 459 21 459 21 500.5 49 c 128,-1,132
 542 77 542 77 577 113 c 128,-1,133
 612 149 612 149 637.5 187.5 c 128,-1,134
 663 226 663 226 677 264 c 128,-1,135
 691 302 691 302 691 334 c 0,136,137
 691 373 691 373 668 397.5 c 128,-1,138
 645 422 645 422 591 422 c 0,139,140
 517 422 517 422 469 383.5 c 128,-1,141
 421 345 421 345 390.5 283.5 c 128,-1,142
 360 222 360 222 340.5 144 c 128,-1,143
 321 66 321 66 304 -13 c 1,144,-1
 318 -13 l 2,129,130
527 531 m 0,145,146
 550 531 550 531 566 539.5 c 128,-1,147
 582 548 582 548 582 557 c 0,148,149
 582 563 582 563 572 567.5 c 128,-1,150
 562 572 562 572 539 572 c 0,151,152
 507 572 507 572 477.5 566.5 c 128,-1,153
 448 561 448 561 419 550 c 1,154,155
 463 531 463 531 527 531 c 0,145,146
EndSplineSet
