Width: 850
Flags: W
LayerCount: 2
Fore
SplineSet
323 893 m 0,0,1
 269 893 269 893 226.5 875 c 128,-1,2
 184 857 184 857 155 829.5 c 128,-1,3
 126 802 126 802 111 769 c 128,-1,4
 96 736 96 736 96 707 c 0,5,6
 96 675 96 675 115 652.5 c 128,-1,7
 134 630 134 630 175 630 c 0,8,9
 203 630 203 630 228.5 647.5 c 128,-1,10
 254 665 254 665 262 692 c 0,11,12
 266 706 266 706 272.5 711.5 c 128,-1,13
 279 717 279 717 287 717 c 256,14,15
 295 717 295 717 301.5 711 c 128,-1,16
 308 705 308 705 308 695 c 0,17,18
 308 678 308 678 296 663 c 128,-1,19
 284 648 284 648 264.5 637.5 c 128,-1,20
 245 627 245 627 220 621 c 128,-1,21
 195 615 195 615 170 615 c 0,22,23
 96 615 96 615 60.5 644 c 128,-1,24
 25 673 25 673 25 715 c 0,25,26
 25 747 25 747 46 782 c 128,-1,27
 67 817 67 817 108.5 845.5 c 128,-1,28
 150 874 150 874 210.5 892.5 c 128,-1,29
 271 911 271 911 351 911 c 0,30,31
 413 911 413 911 472.5 897.5 c 128,-1,32
 532 884 532 884 588 864.5 c 128,-1,33
 644 845 644 845 696 823 c 128,-1,34
 748 801 748 801 795 783 c 1,35,36
 846 829 846 829 902.5 856 c 128,-1,37
 959 883 959 883 1026 883 c 0,38,39
 1068 883 1068 883 1086.5 869.5 c 128,-1,40
 1105 856 1105 856 1105 836 c 0,41,42
 1105 819 1105 819 1092.5 801 c 128,-1,43
 1080 783 1080 783 1057 768 c 128,-1,44
 1034 753 1034 753 1000.5 743.5 c 128,-1,45
 967 734 967 734 925 734 c 0,46,47
 898 734 898 734 869.5 739.5 c 128,-1,48
 841 745 841 745 811 756 c 1,49,50
 765 699 765 699 724.5 623 c 128,-1,51
 684 547 684 547 642 462 c 1,52,53
 675 460 675 460 706 456.5 c 128,-1,54
 737 453 737 453 768 449 c 1,55,56
 801 472 801 472 836 484 c 128,-1,57
 871 496 871 496 900 496 c 0,58,59
 926 496 926 496 943 485.5 c 128,-1,60
 960 475 960 475 960 455 c 0,61,62
 960 441 960 441 943 429.5 c 128,-1,63
 926 418 926 418 896 418 c 0,64,65
 867 418 867 418 835 420 c 128,-1,66
 803 422 803 422 769 424 c 1,67,68
 750 404 750 404 738.5 374 c 128,-1,69
 727 344 727 344 727 303 c 0,70,71
 727 290 727 290 728.5 280.5 c 128,-1,72
 730 271 730 271 730 260 c 0,73,74
 730 245 730 245 720.5 237.5 c 128,-1,75
 711 230 711 230 699 230 c 256,76,77
 687 230 687 230 676.5 238 c 128,-1,78
 666 246 666 246 666 263 c 0,79,80
 666 316 666 316 686.5 357 c 128,-1,81
 707 398 707 398 739 427 c 1,82,83
 712 429 712 429 684.5 430.5 c 128,-1,84
 657 432 657 432 628 434 c 1,85,86
 583 347 583 347 530 262 c 128,-1,87
 477 177 477 177 408 110 c 128,-1,88
 339 43 339 43 249.5 2 c 128,-1,89
 160 -39 160 -39 42 -39 c 0,90,91
 -8 -39 -8 -39 -42 -29.5 c 128,-1,92
 -76 -20 -76 -20 -97.5 -5 c 128,-1,93
 -119 10 -119 10 -128.5 29 c 128,-1,94
 -138 48 -138 48 -138 67 c 0,95,96
 -138 96 -138 96 -118.5 118 c 128,-1,97
 -99 140 -99 140 -69 140 c 0,98,99
 -45 140 -45 140 -35.5 131 c 128,-1,100
 -26 122 -26 122 -26 111 c 256,101,102
 -26 100 -26 100 -33 90.5 c 128,-1,103
 -40 81 -40 81 -49 81 c 0,104,105
 -56 81 -56 81 -59.5 83 c 128,-1,106
 -63 85 -63 85 -74 85 c 0,107,108
 -107 85 -107 85 -107 60 c 0,109,110
 -107 49 -107 49 -97.5 35.5 c 128,-1,111
 -88 22 -88 22 -68.5 10.5 c 128,-1,112
 -49 -1 -49 -1 -18.5 -9 c 128,-1,113
 12 -17 12 -17 54 -17 c 0,114,115
 135 -17 135 -17 202 22 c 128,-1,116
 269 61 269 61 327.5 124.5 c 128,-1,117
 386 188 386 188 438.5 269 c 128,-1,118
 491 350 491 350 542 434 c 1,119,120
 464 432 464 432 385.5 416.5 c 128,-1,121
 307 401 307 401 231 361 c 0,122,123
 230 360 230 360 228 359 c 256,124,125
 226 358 226 358 220 358 c 0,126,127
 215 358 215 358 213 360 c 2,128,-1
 211 362 l 2,129,130
 209 364 209 364 209 366 c 0,131,132
 209 369 209 369 218 374 c 0,133,134
 314 425 314 425 398.5 443.5 c 128,-1,135
 483 462 483 462 559 464 c 1,136,137
 611 549 611 549 664.5 628.5 c 128,-1,138
 718 708 718 708 778 768 c 1,139,140
 732 785 732 785 681 807 c 128,-1,141
 630 829 630 829 573.5 848 c 128,-1,142
 517 867 517 867 454.5 880 c 128,-1,143
 392 893 392 893 323 893 c 0,0,1
933 751 m 0,144,145
 957 751 957 751 978.5 760 c 128,-1,146
 1000 769 1000 769 1016 782 c 128,-1,147
 1032 795 1032 795 1041 810 c 128,-1,148
 1050 825 1050 825 1050 838 c 256,149,150
 1050 851 1050 851 1040 859 c 128,-1,151
 1030 867 1030 867 1008 867 c 0,152,153
 952 867 952 867 907.5 842 c 128,-1,154
 863 817 863 817 825 773 c 1,155,156
 854 763 854 763 881 757 c 128,-1,157
 908 751 908 751 933 751 c 0,144,145
902 440 m 0,158,159
 912 440 912 440 917.5 443.5 c 128,-1,160
 923 447 923 447 923 452 c 0,161,162
 923 464 923 464 911 470.5 c 128,-1,163
 899 477 899 477 880 477 c 0,164,165
 860 477 860 477 837.5 470 c 128,-1,166
 815 463 815 463 793 447 c 1,167,168
 822 444 822 444 849 442 c 128,-1,169
 876 440 876 440 902 440 c 0,158,159
EndSplineSet
