Width: 675
Flags: W
LayerCount: 2
Fore
SplineSet
1095 679 m 0,0,1
 1095 644 1095 644 1084 613 c 128,-1,2
 1073 582 1073 582 1053 558.5 c 128,-1,3
 1033 535 1033 535 1005 521 c 128,-1,4
 977 507 977 507 942 507 c 0,5,6
 917 507 917 507 898.5 515 c 128,-1,7
 880 523 880 523 868 536 c 128,-1,8
 856 549 856 549 850.5 564 c 128,-1,9
 845 579 845 579 845 593 c 0,10,11
 845 610 845 610 852.5 621 c 128,-1,12
 860 632 860 632 875 632 c 0,13,14
 879 632 879 632 883 629 c 0,15,16
 886 627 886 627 889 622.5 c 128,-1,17
 892 618 892 618 892 610 c 0,18,19
 892 594 892 594 895 578 c 128,-1,20
 898 562 898 562 905 549 c 128,-1,21
 912 536 912 536 923.5 528 c 128,-1,22
 935 520 935 520 953 520 c 256,23,24
 971 520 971 520 986.5 532 c 128,-1,25
 1002 544 1002 544 1014 564 c 128,-1,26
 1026 584 1026 584 1033 611.5 c 128,-1,27
 1040 639 1040 639 1040 669 c 0,28,29
 1040 736 1040 736 1013.5 785 c 128,-1,30
 987 834 987 834 941 865.5 c 128,-1,31
 895 897 895 897 834.5 912 c 128,-1,32
 774 927 774 927 706 927 c 0,33,34
 569 927 569 927 467 886 c 128,-1,35
 365 845 365 845 297.5 782.5 c 128,-1,36
 230 720 230 720 196.5 646.5 c 128,-1,37
 163 573 163 573 163 507 c 0,38,39
 163 471 163 471 173 439.5 c 128,-1,40
 183 408 183 408 203.5 384.5 c 128,-1,41
 224 361 224 361 254 348 c 128,-1,42
 284 335 284 335 324 335 c 0,43,44
 401 335 401 335 473.5 361.5 c 128,-1,45
 546 388 546 388 629 453 c 0,46,47
 663 479 663 479 689.5 516 c 128,-1,48
 716 553 716 553 747 595 c 0,49,50
 762 616 762 616 772.5 633.5 c 128,-1,51
 783 651 783 651 790 664 c 0,52,53
 798 679 798 679 802 692 c 0,54,55
 804 697 804 697 809 697 c 256,56,57
 814 697 814 697 817 692 c 128,-1,58
 820 687 820 687 820 680 c 0,59,60
 816 674 816 674 809 660 c 128,-1,61
 802 646 802 646 794.5 630.5 c 128,-1,62
 787 615 787 615 780 600.5 c 128,-1,63
 773 586 773 586 770 579 c 0,64,65
 740 505 740 505 717 445.5 c 128,-1,66
 694 386 694 386 674 336 c 128,-1,67
 654 286 654 286 636 241 c 128,-1,68
 618 196 618 196 598 150 c 0,69,70
 558 58 558 58 505.5 -7 c 128,-1,71
 453 -72 453 -72 394 -113.5 c 128,-1,72
 335 -155 335 -155 274 -174.5 c 128,-1,73
 213 -194 213 -194 157 -194 c 256,74,75
 101 -194 101 -194 58 -178 c 128,-1,76
 15 -162 15 -162 -13.5 -135.5 c 128,-1,77
 -42 -109 -42 -109 -56.5 -74.5 c 128,-1,78
 -71 -40 -71 -40 -71 -3 c 0,79,80
 -71 37 -71 37 -53.5 75.5 c 128,-1,81
 -36 114 -36 114 -1 145 c 128,-1,82
 34 176 34 176 88 195 c 128,-1,83
 142 214 142 214 214 214 c 0,84,85
 252 214 252 214 279.5 205.5 c 128,-1,86
 307 197 307 197 325 182.5 c 128,-1,87
 343 168 343 168 351.5 149.5 c 128,-1,88
 360 131 360 131 360 112 c 0,89,90
 360 90 360 90 349.5 68 c 128,-1,91
 339 46 339 46 319 29 c 128,-1,92
 299 12 299 12 270.5 1 c 128,-1,93
 242 -10 242 -10 205 -10 c 0,94,95
 190 -10 190 -10 180.5 -0.5 c 128,-1,96
 171 9 171 9 171 20 c 0,97,98
 171 28 171 28 177.5 34 c 128,-1,99
 184 40 184 40 199 40 c 0,100,101
 208 40 208 40 217 38.5 c 128,-1,102
 226 37 226 37 237 37 c 0,103,104
 256 37 256 37 271.5 43.5 c 128,-1,105
 287 50 287 50 298.5 61.5 c 128,-1,106
 310 73 310 73 316.5 87 c 128,-1,107
 323 101 323 101 323 116 c 256,108,109
 323 131 323 131 316 145 c 128,-1,110
 309 159 309 159 294 170 c 128,-1,111
 279 181 279 181 255.5 187.5 c 128,-1,112
 232 194 232 194 198 194 c 0,113,114
 148 194 148 194 111.5 177 c 128,-1,115
 75 160 75 160 50 133 c 128,-1,116
 25 106 25 106 13 71.5 c 128,-1,117
 1 37 1 37 1 1 c 0,118,119
 1 -32 1 -32 11.5 -62.5 c 128,-1,120
 22 -93 22 -93 42 -117 c 128,-1,121
 62 -141 62 -141 92.5 -155.5 c 128,-1,122
 123 -170 123 -170 164 -170 c 0,123,124
 206 -170 206 -170 251.5 -153 c 128,-1,125
 297 -136 297 -136 343 -98.5 c 128,-1,126
 389 -61 389 -61 432 -2 c 128,-1,127
 475 57 475 57 512 140 c 0,128,129
 541 207 541 207 569 275 c 128,-1,130
 597 343 597 343 623 405 c 0,131,132
 624 407 624 407 624.5 408 c 128,-1,133
 625 409 625 409 625 411 c 0,134,135
 625 416 625 416 620 416 c 0,136,137
 617 416 617 416 611 412 c 0,138,139
 520 350 520 350 430 325 c 128,-1,140
 340 300 340 300 250 300 c 0,141,142
 203 300 203 300 168.5 313.5 c 128,-1,143
 134 327 134 327 111 350 c 128,-1,144
 88 373 88 373 76.5 405 c 128,-1,145
 65 437 65 437 65 474 c 0,146,147
 65 522 65 522 83.5 576 c 128,-1,148
 102 630 102 630 139 682.5 c 128,-1,149
 176 735 176 735 231 783 c 128,-1,150
 286 831 286 831 358.5 867.5 c 128,-1,151
 431 904 431 904 520.5 926 c 128,-1,152
 610 948 610 948 717 948 c 0,153,154
 794 948 794 948 863 932 c 128,-1,155
 932 916 932 916 983.5 883 c 128,-1,156
 1035 850 1035 850 1065 799 c 128,-1,157
 1095 748 1095 748 1095 679 c 0,0,1
EndSplineSet
