Width: 1139
Flags: W
LayerCount: 2
Fore
SplineSet
467 446 m 0,0,1
 482 446 482 446 486.5 439 c 128,-1,2
 491 432 491 432 491 412 c 0,3,4
 491 400 491 400 494 387 c 128,-1,5
 497 374 497 374 509.5 363.5 c 128,-1,6
 522 353 522 353 546 345.5 c 128,-1,7
 570 338 570 338 612 337 c 1,8,9
 634 412 634 412 666.5 485.5 c 128,-1,10
 699 559 699 559 741 625.5 c 128,-1,11
 783 692 783 692 833.5 749 c 128,-1,12
 884 806 884 806 942 848 c 128,-1,13
 1000 890 1000 890 1064 913.5 c 128,-1,14
 1128 937 1128 937 1198 937 c 0,15,16
 1261 937 1261 937 1289.5 912 c 128,-1,17
 1318 887 1318 887 1318 845 c 0,18,19
 1318 805 1318 805 1294 753.5 c 128,-1,20
 1270 702 1270 702 1227 647.5 c 128,-1,21
 1184 593 1184 593 1125 539.5 c 128,-1,22
 1066 486 1066 486 995.5 441 c 128,-1,23
 925 396 925 396 846.5 363.5 c 128,-1,24
 768 331 768 331 686 320 c 1,25,26
 662 242 662 242 648.5 167.5 c 128,-1,27
 635 93 635 93 635 27 c 0,28,29
 635 -30 635 -30 645.5 -77.5 c 128,-1,30
 656 -125 656 -125 679.5 -160 c 128,-1,31
 703 -195 703 -195 739 -214.5 c 128,-1,32
 775 -234 775 -234 826 -234 c 0,33,34
 878 -234 878 -234 916.5 -212 c 128,-1,35
 955 -190 955 -190 980.5 -155.5 c 128,-1,36
 1006 -121 1006 -121 1018.5 -79 c 128,-1,37
 1031 -37 1031 -37 1031 3 c 0,38,39
 1031 30 1031 30 1025 54.5 c 128,-1,40
 1019 79 1019 79 1007.5 97.5 c 128,-1,41
 996 116 996 116 979 127 c 128,-1,42
 962 138 962 138 939 138 c 0,43,44
 890 138 890 138 856.5 113.5 c 128,-1,45
 823 89 823 89 823 45 c 0,46,47
 823 17 823 17 837 -11 c 0,48,49
 842 -20 842 -20 842 -31 c 0,50,51
 842 -43 842 -43 835 -49.5 c 128,-1,52
 828 -56 828 -56 818 -56 c 0,53,54
 805 -56 805 -56 793.5 -44 c 128,-1,55
 782 -32 782 -32 782 -6 c 0,56,57
 782 19 782 19 792 47.5 c 128,-1,58
 802 76 802 76 822.5 100.5 c 128,-1,59
 843 125 843 125 875 141 c 128,-1,60
 907 157 907 157 952 157 c 0,61,62
 992 157 992 157 1020.5 146 c 128,-1,63
 1049 135 1049 135 1068 115.5 c 128,-1,64
 1087 96 1087 96 1096 70.5 c 128,-1,65
 1105 45 1105 45 1105 16 c 0,66,67
 1105 -29 1105 -29 1085 -76.5 c 128,-1,68
 1065 -124 1065 -124 1027.5 -164 c 128,-1,69
 990 -204 990 -204 937.5 -229.5 c 128,-1,70
 885 -255 885 -255 819 -255 c 0,71,72
 754 -255 754 -255 707.5 -229.5 c 128,-1,73
 661 -204 661 -204 631 -160 c 128,-1,74
 601 -116 601 -116 586.5 -55.5 c 128,-1,75
 572 5 572 5 572 75 c 0,76,77
 572 132 572 132 580.5 192 c 128,-1,78
 589 252 589 252 606 315 c 1,79,80
 561 315 561 315 529 325 c 128,-1,81
 497 335 497 335 477.5 350 c 128,-1,82
 458 365 458 365 449 382 c 128,-1,83
 440 399 440 399 440 414 c 0,84,85
 440 428 440 428 447 437 c 128,-1,86
 454 446 454 446 467 446 c 0,0,1
1237 865 m 0,87,88
 1237 890 1237 890 1224 904.5 c 128,-1,89
 1211 919 1211 919 1183 919 c 0,90,91
 1110 919 1110 919 1037.5 869.5 c 128,-1,92
 965 820 965 820 900.5 739 c 128,-1,93
 836 658 836 658 782.5 554.5 c 128,-1,94
 729 451 729 451 693 343 c 1,95,96
 762 355 762 355 829 389.5 c 128,-1,97
 896 424 896 424 956.5 470.5 c 128,-1,98
 1017 517 1017 517 1068.5 572 c 128,-1,99
 1120 627 1120 627 1157.5 681 c 128,-1,100
 1195 735 1195 735 1216 783 c 128,-1,101
 1237 831 1237 831 1237 865 c 0,87,88
-186 1013 m 0,102,103
 -163 1013 -163 1013 -152.5 1021 c 128,-1,104
 -142 1029 -142 1029 -139 1037 c 0,105,106
 -137 1043 -137 1043 -130 1046.5 c 128,-1,107
 -123 1050 -123 1050 -117 1050 c 0,108,109
 -95 1050 -95 1050 -95 1031 c 0,110,111
 -95 1018 -95 1018 -115.5 1004.5 c 128,-1,112
 -136 991 -136 991 -188 991 c 0,113,114
 -246 991 -246 991 -272.5 1015.5 c 128,-1,115
 -299 1040 -299 1040 -299 1074 c 0,116,117
 -299 1099 -299 1099 -285.5 1125 c 128,-1,118
 -272 1151 -272 1151 -247 1172 c 128,-1,119
 -222 1193 -222 1193 -185.5 1206.5 c 128,-1,120
 -149 1220 -149 1220 -102 1220 c 0,121,122
 -23 1220 -23 1220 42 1190.5 c 128,-1,123
 107 1161 107 1161 163 1117.5 c 128,-1,124
 219 1074 219 1074 267 1022.5 c 128,-1,125
 315 971 315 971 360.5 927.5 c 128,-1,126
 406 884 406 884 450.5 854.5 c 128,-1,127
 495 825 495 825 543 825 c 0,128,129
 570 825 570 825 591.5 833 c 128,-1,130
 613 841 613 841 634 852 c 0,131,132
 635 853 635 853 637 853 c 0,133,134
 640 853 640 853 640 849 c 0,135,136
 640 846 640 846 638 840 c 0,137,138
 637 837 637 837 636 835 c 0,139,140
 630 832 630 832 624 827 c 0,141,142
 619 822 619 822 612 815.5 c 128,-1,143
 605 809 605 809 597 801 c 0,144,145
 574 775 574 775 552.5 725.5 c 128,-1,146
 531 676 531 676 507.5 612 c 128,-1,147
 484 548 484 548 457 475 c 128,-1,148
 430 402 430 402 396 329.5 c 128,-1,149
 362 257 362 257 319.5 190.5 c 128,-1,150
 277 124 277 124 223.5 73 c 128,-1,151
 170 22 170 22 102.5 -8.5 c 128,-1,152
 35 -39 35 -39 -48 -39 c 0,153,154
 -80 -39 -80 -39 -102.5 -30.5 c 128,-1,155
 -125 -22 -125 -22 -139 -8.5 c 128,-1,156
 -153 5 -153 5 -159.5 22 c 128,-1,157
 -166 39 -166 39 -166 55 c 0,158,159
 -166 78 -166 78 -154 95 c 128,-1,160
 -142 112 -142 112 -122 112 c 0,161,162
 -109 112 -109 112 -104.5 108.5 c 128,-1,163
 -100 105 -100 105 -100 99 c 0,164,165
 -100 91 -100 91 -104 80 c 128,-1,166
 -108 69 -108 69 -108 58 c 0,167,168
 -108 23 -108 23 -87 0.5 c 128,-1,169
 -66 -22 -66 -22 -29 -22 c 0,170,171
 30 -22 30 -22 81.5 10 c 128,-1,172
 133 42 133 42 177.5 95 c 128,-1,173
 222 148 222 148 261 216.5 c 128,-1,174
 300 285 300 285 333 358.5 c 128,-1,175
 366 432 366 432 394 504 c 128,-1,176
 422 576 422 576 445.5 636.5 c 128,-1,177
 469 697 469 697 488.5 740 c 128,-1,178
 508 783 508 783 524 797 c 0,179,180
 528 800 528 800 528 802 c 0,181,182
 528 803 528 803 525 806 c 0,183,184
 523 807 523 807 522 807 c 0,185,186
 452 807 452 807 392.5 836.5 c 128,-1,187
 333 866 333 866 280.5 909.5 c 128,-1,188
 228 953 228 953 180 1004 c 128,-1,189
 132 1055 132 1055 84.5 1099 c 128,-1,190
 37 1143 37 1143 -11.5 1172 c 128,-1,191
 -60 1201 -60 1201 -114 1201 c 0,192,193
 -149 1201 -149 1201 -176.5 1189.5 c 128,-1,194
 -204 1178 -204 1178 -223 1160 c 128,-1,195
 -242 1142 -242 1142 -252 1120.5 c 128,-1,196
 -262 1099 -262 1099 -262 1079 c 0,197,198
 -262 1052 -262 1052 -243.5 1032.5 c 128,-1,199
 -225 1013 -225 1013 -186 1013 c 0,102,103
EndSplineSet
