Width: 622
Flags: W
LayerCount: 2
Fore
SplineSet
802 904 m 0,0,1
 727 904 727 904 659 882 c 128,-1,2
 591 860 591 860 533.5 824.5 c 128,-1,3
 476 789 476 789 429 742.5 c 128,-1,4
 382 696 382 696 349.5 647.5 c 128,-1,5
 317 599 317 599 299 551.5 c 128,-1,6
 281 504 281 504 281 465 c 0,7,8
 281 421 281 421 305 394 c 128,-1,9
 329 367 329 367 382 367 c 0,10,11
 418 367 418 367 443 376.5 c 128,-1,12
 468 386 468 386 483 401.5 c 128,-1,13
 498 417 498 417 505 435.5 c 128,-1,14
 512 454 512 454 512 472 c 0,15,16
 512 496 512 496 502 514 c 0,17,18
 496 524 496 524 496 533 c 256,19,20
 496 542 496 542 502.5 546.5 c 128,-1,21
 509 551 509 551 517 551 c 0,22,23
 534 551 534 551 543 537.5 c 128,-1,24
 552 524 552 524 552 504 c 0,25,26
 552 481 552 481 540.5 453.5 c 128,-1,27
 529 426 529 426 505.5 402 c 128,-1,28
 482 378 482 378 445.5 361.5 c 128,-1,29
 409 345 409 345 359 345 c 0,30,31
 276 345 276 345 238.5 379.5 c 128,-1,32
 201 414 201 414 201 468 c 0,33,34
 201 510 201 510 222.5 560 c 128,-1,35
 244 610 244 610 283 660.5 c 128,-1,36
 322 711 322 711 377.5 758 c 128,-1,37
 433 805 433 805 501 841 c 128,-1,38
 569 877 569 877 648 899 c 128,-1,39
 727 921 727 921 813 921 c 0,40,41
 858 921 858 921 893.5 916.5 c 128,-1,42
 929 912 929 912 953.5 905 c 128,-1,43
 978 898 978 898 991 891 c 128,-1,44
 1004 884 1004 884 1004 878 c 256,45,46
 1004 872 1004 872 992 868 c 0,47,48
 934 849 934 849 891 806 c 128,-1,49
 848 763 848 763 812 704.5 c 128,-1,50
 776 646 776 646 744.5 575.5 c 128,-1,51
 713 505 713 505 679.5 432.5 c 128,-1,52
 646 360 646 360 607 288.5 c 128,-1,53
 568 217 568 217 517 157 c 0,54,55
 478 110 478 110 428 74 c 128,-1,56
 378 38 378 38 325 14 c 128,-1,57
 272 -10 272 -10 218 -22 c 128,-1,58
 164 -34 164 -34 116 -34 c 256,59,60
 68 -34 68 -34 33 -24 c 128,-1,61
 -2 -14 -2 -14 -24.5 2.5 c 128,-1,62
 -47 19 -47 19 -58 40.5 c 128,-1,63
 -69 62 -69 62 -69 84 c 256,64,65
 -69 106 -69 106 -58.5 127.5 c 128,-1,66
 -48 149 -48 149 -28 166 c 128,-1,67
 -8 183 -8 183 21 193 c 128,-1,68
 50 203 50 203 87 203 c 0,69,70
 111 203 111 203 128 196 c 128,-1,71
 145 189 145 189 156.5 179.5 c 128,-1,72
 168 170 168 170 173 159 c 128,-1,73
 178 148 178 148 178 140 c 0,74,75
 178 128 178 128 170 120 c 128,-1,76
 162 112 162 112 153 112 c 0,77,78
 147 112 147 112 142 117 c 128,-1,79
 137 122 137 122 137 133 c 0,80,81
 137 154 137 154 127 170 c 128,-1,82
 117 186 117 186 80 186 c 0,83,84
 59 186 59 186 42.5 178 c 128,-1,85
 26 170 26 170 14.5 157.5 c 128,-1,86
 3 145 3 145 -3 128.5 c 128,-1,87
 -9 112 -9 112 -9 94 c 0,88,89
 -9 74 -9 74 -1.5 55 c 128,-1,90
 6 36 6 36 22.5 21 c 128,-1,91
 39 6 39 6 64.5 -3 c 128,-1,92
 90 -12 90 -12 125 -12 c 0,93,94
 165 -12 165 -12 210 1 c 128,-1,95
 255 14 255 14 301 40.5 c 128,-1,96
 347 67 347 67 391 107.5 c 128,-1,97
 435 148 435 148 472 204 c 0,98,99
 511 262 511 262 546 328 c 128,-1,100
 581 394 581 394 616 461 c 128,-1,101
 651 528 651 528 687.5 593 c 128,-1,102
 724 658 724 658 766 713.5 c 128,-1,103
 808 769 808 769 857.5 812 c 128,-1,104
 907 855 907 855 968 879 c 0,105,106
 968 881 968 881 955 885 c 128,-1,107
 942 889 942 889 919.5 893.5 c 128,-1,108
 897 898 897 898 866.5 901 c 128,-1,109
 836 904 836 904 802 904 c 0,0,1
EndSplineSet
