Width: 712
Flags: W
LayerCount: 2
Fore
SplineSet
384 345 m 0,0,1
 301 345 301 345 263.5 379.5 c 128,-1,2
 226 414 226 414 226 468 c 0,3,4
 226 510 226 510 247.5 560 c 128,-1,5
 269 610 269 610 308 660.5 c 128,-1,6
 347 711 347 711 402.5 758 c 128,-1,7
 458 805 458 805 526 841 c 128,-1,8
 594 877 594 877 673 899 c 128,-1,9
 752 921 752 921 838 921 c 0,10,11
 883 921 883 921 918.5 916.5 c 128,-1,12
 954 912 954 912 978.5 905 c 128,-1,13
 1003 898 1003 898 1016 891 c 128,-1,14
 1029 884 1029 884 1029 878 c 0,15,16
 1029 875 1029 875 1017 868 c 0,17,18
 944 827 944 827 881 750.5 c 128,-1,19
 818 674 818 674 759.5 576.5 c 128,-1,20
 701 479 701 479 643.5 367.5 c 128,-1,21
 586 256 586 256 525 146 c 1,22,23
 586 131 586 131 630.5 105.5 c 128,-1,24
 675 80 675 80 703.5 48 c 128,-1,25
 732 16 732 16 745.5 -20.5 c 128,-1,26
 759 -57 759 -57 759 -93 c 0,27,28
 759 -135 759 -135 742.5 -174 c 128,-1,29
 726 -213 726 -213 695 -243 c 128,-1,30
 664 -273 664 -273 619.5 -291 c 128,-1,31
 575 -309 575 -309 519 -309 c 0,32,33
 477 -309 477 -309 440 -300 c 128,-1,34
 403 -291 403 -291 375.5 -277.5 c 128,-1,35
 348 -264 348 -264 332.5 -247.5 c 128,-1,36
 317 -231 317 -231 317 -217 c 0,37,38
 317 -200 317 -200 324 -190.5 c 128,-1,39
 331 -181 331 -181 340 -181 c 0,40,41
 351 -181 351 -181 363 -197 c 0,42,43
 393 -242 393 -242 436.5 -265 c 128,-1,44
 480 -288 480 -288 525 -288 c 0,45,46
 558 -288 558 -288 588 -275.5 c 128,-1,47
 618 -263 618 -263 641.5 -237.5 c 128,-1,48
 665 -212 665 -212 679 -173 c 128,-1,49
 693 -134 693 -134 693 -81 c 0,50,51
 693 -50 693 -50 682.5 -19.5 c 128,-1,52
 672 11 672 11 650 38 c 128,-1,53
 628 65 628 65 593.5 86.5 c 128,-1,54
 559 108 559 108 511 122 c 1,55,56
 451 18 451 18 385 -76.5 c 128,-1,57
 319 -171 319 -171 241 -243 c 128,-1,58
 163 -315 163 -315 70.5 -357.5 c 128,-1,59
 -22 -400 -22 -400 -134 -400 c 0,60,61
 -226 -400 -226 -400 -269.5 -360.5 c 128,-1,62
 -313 -321 -313 -321 -313 -262 c 0,63,64
 -313 -220 -313 -220 -292.5 -172.5 c 128,-1,65
 -272 -125 -272 -125 -232 -77.5 c 128,-1,66
 -192 -30 -192 -30 -133.5 13.5 c 128,-1,67
 -75 57 -75 57 0.5 90.5 c 128,-1,68
 76 124 76 124 167.5 144 c 128,-1,69
 259 164 259 164 365 164 c 0,70,71
 387 164 387 164 407.5 162.5 c 128,-1,72
 428 161 428 161 447 159 c 1,73,74
 506 265 506 265 566.5 371 c 128,-1,75
 627 477 627 477 693 572 c 128,-1,76
 759 667 759 667 833 746.5 c 128,-1,77
 907 826 907 826 993 879 c 0,78,79
 993 881 993 881 980 885 c 128,-1,80
 967 889 967 889 944.5 893.5 c 128,-1,81
 922 898 922 898 891.5 901 c 128,-1,82
 861 904 861 904 827 904 c 0,83,84
 752 904 752 904 684 882 c 128,-1,85
 616 860 616 860 558.5 824.5 c 128,-1,86
 501 789 501 789 454 742.5 c 128,-1,87
 407 696 407 696 374.5 647.5 c 128,-1,88
 342 599 342 599 324 551.5 c 128,-1,89
 306 504 306 504 306 465 c 0,90,91
 306 421 306 421 330 394 c 128,-1,92
 354 367 354 367 407 367 c 0,93,94
 443 367 443 367 468 376.5 c 128,-1,95
 493 386 493 386 508 401.5 c 128,-1,96
 523 417 523 417 530 435.5 c 128,-1,97
 537 454 537 454 537 472 c 0,98,99
 537 496 537 496 527 514 c 0,100,101
 521 524 521 524 521 533 c 256,102,103
 521 542 521 542 527.5 546.5 c 128,-1,104
 534 551 534 551 542 551 c 0,105,106
 559 551 559 551 568 537.5 c 128,-1,107
 577 524 577 524 577 504 c 0,108,109
 577 481 577 481 565.5 453.5 c 128,-1,110
 554 426 554 426 530.5 402 c 128,-1,111
 507 378 507 378 470.5 361.5 c 128,-1,112
 434 345 434 345 384 345 c 0,0,1
350 142 m 0,113,114
 261 142 261 142 183.5 122 c 128,-1,115
 106 102 106 102 42 68.5 c 128,-1,116
 -22 35 -22 35 -72.5 -8 c 128,-1,117
 -123 -51 -123 -51 -158 -97 c 128,-1,118
 -193 -143 -193 -143 -211 -188.5 c 128,-1,119
 -229 -234 -229 -234 -229 -272 c 0,120,121
 -229 -320 -229 -320 -200 -350 c 128,-1,122
 -171 -380 -171 -380 -108 -380 c 0,123,124
 -24 -380 -24 -380 49 -338 c 128,-1,125
 122 -296 122 -296 187.5 -225 c 128,-1,126
 253 -154 253 -154 313.5 -60.5 c 128,-1,127
 374 33 374 33 434 137 c 1,128,129
 414 139 414 139 393.5 140.5 c 128,-1,130
 373 142 373 142 350 142 c 0,113,114
EndSplineSet
