Width: 788
Flags: W
LayerCount: 2
Fore
SplineSet
333 465 m 0,0,1
 375 465 375 465 411 453 c 1,2,3
 468 485 468 485 533 541 c 128,-1,4
 598 597 598 597 670 661 c 128,-1,5
 742 725 742 725 820.5 791 c 128,-1,6
 899 857 899 857 984.5 910.5 c 128,-1,7
 1070 964 1070 964 1161.5 998 c 128,-1,8
 1253 1032 1253 1032 1351 1032 c 0,9,10
 1397 1032 1397 1032 1431.5 1023 c 128,-1,11
 1466 1014 1466 1014 1488.5 999 c 128,-1,12
 1511 984 1511 984 1522 964.5 c 128,-1,13
 1533 945 1533 945 1533 924 c 0,14,15
 1533 902 1533 902 1521 881 c 128,-1,16
 1509 860 1509 860 1485 843.5 c 128,-1,17
 1461 827 1461 827 1426 816.5 c 128,-1,18
 1391 806 1391 806 1345 806 c 0,19,20
 1296 806 1296 806 1276.5 823 c 128,-1,21
 1257 840 1257 840 1257 857 c 0,22,23
 1257 871 1257 871 1264 878.5 c 128,-1,24
 1271 886 1271 886 1279 886 c 0,25,26
 1284 886 1284 886 1289 882 c 128,-1,27
 1294 878 1294 878 1296 867 c 0,28,29
 1300 846 1300 846 1320.5 836 c 128,-1,30
 1341 826 1341 826 1363 826 c 0,31,32
 1423 826 1423 826 1452 852.5 c 128,-1,33
 1481 879 1481 879 1481 913 c 0,34,35
 1481 932 1481 932 1472 950 c 128,-1,36
 1463 968 1463 968 1445.5 982.5 c 128,-1,37
 1428 997 1428 997 1401.5 1006 c 128,-1,38
 1375 1015 1375 1015 1340 1015 c 0,39,40
 1264 1015 1264 1015 1190 981 c 128,-1,41
 1116 947 1116 947 1043 893.5 c 128,-1,42
 970 840 970 840 897.5 774 c 128,-1,43
 825 708 825 708 751.5 643.5 c 128,-1,44
 678 579 678 579 603 523.5 c 128,-1,45
 528 468 528 468 451 436 c 1,46,47
 504 408 504 408 546 357.5 c 128,-1,48
 588 307 588 307 624 243.5 c 128,-1,49
 660 180 660 180 693.5 108.5 c 128,-1,50
 727 37 727 37 762.5 -33.5 c 128,-1,51
 798 -104 798 -104 839 -168.5 c 128,-1,52
 880 -233 880 -233 931 -282 c 128,-1,53
 982 -331 982 -331 1046 -360.5 c 128,-1,54
 1110 -390 1110 -390 1193 -390 c 0,55,56
 1218 -390 1218 -390 1245 -383.5 c 128,-1,57
 1272 -377 1272 -377 1297.5 -364.5 c 128,-1,58
 1323 -352 1323 -352 1346 -333.5 c 128,-1,59
 1369 -315 1369 -315 1387 -291 c 0,60,61
 1414 -255 1414 -255 1436 -255 c 0,62,63
 1459 -255 1459 -255 1459 -289 c 0,64,65
 1459 -306 1459 -306 1443.5 -327 c 128,-1,66
 1428 -348 1428 -348 1395 -367 c 128,-1,67
 1362 -386 1362 -386 1310 -398.5 c 128,-1,68
 1258 -411 1258 -411 1185 -411 c 0,69,70
 1078 -411 1078 -411 997 -381.5 c 128,-1,71
 916 -352 916 -352 854.5 -302 c 128,-1,72
 793 -252 793 -252 747.5 -186.5 c 128,-1,73
 702 -121 702 -121 666.5 -50 c 128,-1,74
 631 21 631 21 602 93 c 128,-1,75
 573 165 573 165 544 228.5 c 128,-1,76
 515 292 515 292 483.5 342.5 c 128,-1,77
 452 393 452 393 411 420 c 1,78,79
 382 411 382 411 352.5 406 c 128,-1,80
 323 401 323 401 293 401 c 0,81,82
 274 401 274 401 262.5 407.5 c 128,-1,83
 251 414 251 414 249 423 c 1,84,85
 219 354 219 354 181.5 265 c 128,-1,86
 144 176 144 176 98 62 c 0,87,88
 96 57 96 57 95 53.5 c 128,-1,89
 94 50 94 50 94 46 c 0,90,91
 94 32 94 32 105.5 25 c 128,-1,92
 117 18 117 18 134 16 c 0,93,94
 140 15 140 15 145.5 15 c 128,-1,95
 151 15 151 15 161 15 c 0,96,97
 166 15 166 15 166 7 c 0,98,99
 166 3 166 3 163.5 -0.5 c 128,-1,100
 161 -4 161 -4 156 -4 c 0,101,102
 152 -4 152 -4 141 -3.5 c 128,-1,103
 130 -3 130 -3 115 -2 c 128,-1,104
 100 -1 100 -1 82.5 -0.5 c 128,-1,105
 65 0 65 0 49 0 c 0,106,107
 37 0 37 0 20 0 c 128,-1,108
 3 0 3 0 -13 -0.5 c 128,-1,109
 -29 -1 -29 -1 -41.5 -1.5 c 128,-1,110
 -54 -2 -54 -2 -57 -2 c 0,111,112
 -63 -2 -63 -2 -63 1 c 128,-1,113
 -63 4 -63 4 -64 7 c 0,114,115
 -64 10 -64 10 -62.5 13.5 c 128,-1,116
 -61 17 -61 17 -56 18 c 0,117,118
 -36 18 -36 18 -22.5 22 c 128,-1,119
 -9 26 -9 26 0.5 33.5 c 128,-1,120
 10 41 10 41 17.5 53 c 128,-1,121
 25 65 25 65 33 82 c 0,122,123
 38 92 38 92 55.5 132 c 128,-1,124
 73 172 73 172 99 231.5 c 128,-1,125
 125 291 125 291 156.5 364 c 128,-1,126
 188 437 188 437 221 513 c 0,127,128
 237 553 237 553 254 591 c 0,129,130
 268 623 268 623 285.5 657 c 128,-1,131
 303 691 303 691 320 712 c 0,132,133
 336 732 336 732 348.5 746.5 c 128,-1,134
 361 761 361 761 369 770 c 0,135,136
 379 781 379 781 386 786 c 1,137,138
 385 787 385 787 385 789 c 0,139,140
 384 790 384 790 384 791 c 128,-1,141
 384 792 384 792 382 792 c 0,142,143
 377 791 377 791 363 787.5 c 128,-1,144
 349 784 349 784 327 784 c 0,145,146
 285 784 285 784 252.5 797 c 128,-1,147
 220 810 220 810 189.5 825.5 c 128,-1,148
 159 841 159 841 127.5 854 c 128,-1,149
 96 867 96 867 58 867 c 0,150,151
 15 867 15 867 -27.5 851 c 128,-1,152
 -70 835 -70 835 -104 810.5 c 128,-1,153
 -138 786 -138 786 -159 756.5 c 128,-1,154
 -180 727 -180 727 -180 700 c 0,155,156
 -180 682 -180 682 -169.5 666.5 c 128,-1,157
 -159 651 -159 651 -135 640 c 0,158,159
 -118 631 -118 631 -118 617 c 0,160,161
 -118 609 -118 609 -124.5 602.5 c 128,-1,162
 -131 596 -131 596 -144 596 c 0,163,164
 -179 596 -179 596 -196 614 c 128,-1,165
 -213 632 -213 632 -213 660 c 0,166,167
 -213 693 -213 693 -191 735 c 128,-1,168
 -169 777 -169 777 -129 814 c 128,-1,169
 -89 851 -89 851 -32 876 c 128,-1,170
 25 901 25 901 94 901 c 0,171,172
 147 901 147 901 188.5 887 c 128,-1,173
 230 873 230 873 262.5 855.5 c 128,-1,174
 295 838 295 838 320 824 c 128,-1,175
 345 810 345 810 365 810 c 0,176,177
 381 810 381 810 397 816 c 128,-1,178
 413 822 413 822 428 830 c 128,-1,179
 443 838 443 838 457 846.5 c 128,-1,180
 471 855 471 855 483 861 c 0,181,182
 485 862 485 862 487 862 c 0,183,184
 495 862 495 862 495 852 c 0,185,186
 495 849 495 849 490 847 c 0,187,188
 466 835 466 835 443.5 807.5 c 128,-1,189
 421 780 421 780 401 747 c 128,-1,190
 381 714 381 714 364.5 680 c 128,-1,191
 348 646 348 646 337 620 c 0,192,193
 322 587 322 587 303 544.5 c 128,-1,194
 284 502 284 502 260 448 c 1,195,196
 280 465 280 465 333 465 c 0,0,1
321 448 m 0,197,198
 292 448 292 448 280 443.5 c 128,-1,199
 268 439 268 439 268 433 c 0,200,201
 268 428 268 428 278 423 c 128,-1,202
 288 418 288 418 303 418 c 0,203,204
 337 418 337 418 380 437 c 1,205,206
 352 448 352 448 321 448 c 0,197,198
EndSplineSet
