Width: 531
Flags: W
LayerCount: 2
Fore
SplineSet
971 743 m 0,0,1
 985 743 985 743 990 733.5 c 128,-1,2
 995 724 995 724 998 712 c 0,3,4
 1005 683 1005 683 1022 670.5 c 128,-1,5
 1039 658 1039 658 1060 658 c 0,6,7
 1091 658 1091 658 1114.5 667.5 c 128,-1,8
 1138 677 1138 677 1154 693.5 c 128,-1,9
 1170 710 1170 710 1178 731.5 c 128,-1,10
 1186 753 1186 753 1186 776 c 0,11,12
 1186 803 1186 803 1174.5 830.5 c 128,-1,13
 1163 858 1163 858 1140 880 c 128,-1,14
 1117 902 1117 902 1082.5 915.5 c 128,-1,15
 1048 929 1048 929 1001 929 c 0,16,17
 969 929 969 929 936.5 922 c 128,-1,18
 904 915 904 915 873 901.5 c 128,-1,19
 842 888 842 888 813.5 869 c 128,-1,20
 785 850 785 850 763 825 c 0,21,22
 725 783 725 783 689 723 c 128,-1,23
 653 663 653 663 618 594 c 128,-1,24
 583 525 583 525 548 451 c 128,-1,25
 513 377 513 377 476 306.5 c 128,-1,26
 439 236 439 236 399.5 172.5 c 128,-1,27
 360 109 360 109 316 61 c 0,28,29
 308 52 308 52 301.5 45 c 128,-1,30
 295 38 295 38 288 31 c 1,31,32
 360 0 360 0 432.5 -40 c 128,-1,33
 505 -80 505 -80 578.5 -121.5 c 128,-1,34
 652 -163 652 -163 726.5 -201.5 c 128,-1,35
 801 -240 801 -240 878 -267 c 1,36,37
 900 -225 900 -225 934.5 -188 c 128,-1,38
 969 -151 969 -151 1015 -123 c 128,-1,39
 1061 -95 1061 -95 1119 -78.5 c 128,-1,40
 1177 -62 1177 -62 1248 -62 c 0,41,42
 1293 -62 1293 -62 1326.5 -71 c 128,-1,43
 1360 -80 1360 -80 1382.5 -95 c 128,-1,44
 1405 -110 1405 -110 1416.5 -130 c 128,-1,45
 1428 -150 1428 -150 1428 -172 c 0,46,47
 1428 -203 1428 -203 1405.5 -235.5 c 128,-1,48
 1383 -268 1383 -268 1338.5 -294.5 c 128,-1,49
 1294 -321 1294 -321 1226.5 -338 c 128,-1,50
 1159 -355 1159 -355 1069 -355 c 0,51,52
 1019 -355 1019 -355 973 -349.5 c 128,-1,53
 927 -344 927 -344 882 -333 c 1,54,55
 867 -381 867 -381 867 -427 c 0,56,57
 867 -485 867 -485 893.5 -524 c 128,-1,58
 920 -563 920 -563 973 -563 c 0,59,60
 983 -563 983 -563 989 -561.5 c 128,-1,61
 995 -560 995 -560 999.5 -558.5 c 128,-1,62
 1004 -557 1004 -557 1008.5 -555.5 c 128,-1,63
 1013 -554 1013 -554 1020 -554 c 0,64,65
 1029 -554 1029 -554 1033.5 -560 c 128,-1,66
 1038 -566 1038 -566 1038 -575 c 0,67,68
 1038 -591 1038 -591 1024 -607.5 c 128,-1,69
 1010 -624 1010 -624 984 -624 c 0,70,71
 947 -624 947 -624 918.5 -609 c 128,-1,72
 890 -594 890 -594 871 -569 c 128,-1,73
 852 -544 852 -544 842.5 -510 c 128,-1,74
 833 -476 833 -476 833 -438 c 0,75,76
 833 -411 833 -411 837.5 -382.5 c 128,-1,77
 842 -354 842 -354 852 -325 c 1,78,79
 763 -301 763 -301 681.5 -262.5 c 128,-1,80
 600 -224 600 -224 524.5 -180.5 c 128,-1,81
 449 -137 449 -137 378.5 -93 c 128,-1,82
 308 -49 308 -49 241 -14 c 1,83,84
 150 -92 150 -92 64 -123 c 128,-1,85
 -22 -154 -22 -154 -92 -154 c 0,86,87
 -184 -154 -184 -154 -225 -129.5 c 128,-1,88
 -266 -105 -266 -105 -266 -70 c 0,89,90
 -266 -43 -266 -43 -244 -14 c 128,-1,91
 -222 15 -222 15 -182.5 38.5 c 128,-1,92
 -143 62 -143 62 -89 77.5 c 128,-1,93
 -35 93 -35 93 29 93 c 0,94,95
 80 93 80 93 130.5 82 c 128,-1,96
 181 71 181 71 232 53 c 1,97,98
 239 61 239 61 245.5 69.5 c 128,-1,99
 252 78 252 78 260 87 c 0,100,101
 304 143 304 143 343.5 212 c 128,-1,102
 383 281 383 281 420 355 c 128,-1,103
 457 429 457 429 493.5 503.5 c 128,-1,104
 530 578 530 578 568 645 c 128,-1,105
 606 712 606 712 646.5 767 c 128,-1,106
 687 822 687 822 733 857 c 0,107,108
 763 880 763 880 798.5 898.5 c 128,-1,109
 834 917 834 917 872 929.5 c 128,-1,110
 910 942 910 942 949 949 c 128,-1,111
 988 956 988 956 1025 956 c 0,112,113
 1081 956 1081 956 1122.5 942 c 128,-1,114
 1164 928 1164 928 1192 905.5 c 128,-1,115
 1220 883 1220 883 1233.5 853.5 c 128,-1,116
 1247 824 1247 824 1247 794 c 256,117,118
 1247 764 1247 764 1234 736 c 128,-1,119
 1221 708 1221 708 1195.5 686 c 128,-1,120
 1170 664 1170 664 1132.5 650.5 c 128,-1,121
 1095 637 1095 637 1045 637 c 0,122,123
 1001 637 1001 637 969.5 655 c 128,-1,124
 938 673 938 673 938 707 c 0,125,126
 938 722 938 722 947 732.5 c 128,-1,127
 956 743 956 743 971 743 c 0,0,1
1119 -314 m 0,128,129
 1167 -314 1167 -314 1209 -298.5 c 128,-1,130
 1251 -283 1251 -283 1282 -259.5 c 128,-1,131
 1313 -236 1313 -236 1331 -208 c 128,-1,132
 1349 -180 1349 -180 1349 -154 c 0,133,134
 1349 -124 1349 -124 1321.5 -103 c 128,-1,135
 1294 -82 1294 -82 1231 -82 c 0,136,137
 1170 -82 1170 -82 1119 -98 c 128,-1,138
 1068 -114 1068 -114 1027.5 -141 c 128,-1,139
 987 -168 987 -168 956.5 -203 c 128,-1,140
 926 -238 926 -238 906 -277 c 1,141,142
 959 -294 959 -294 1011.5 -304 c 128,-1,143
 1064 -314 1064 -314 1119 -314 c 0,128,129
-12 61 m 0,144,145
 -57 61 -57 61 -90 51.5 c 128,-1,146
 -123 42 -123 42 -144 26.5 c 128,-1,147
 -165 11 -165 11 -175.5 -8.5 c 128,-1,148
 -186 -28 -186 -28 -186 -47 c 0,149,150
 -186 -79 -186 -79 -160 -103 c 128,-1,151
 -134 -127 -134 -127 -83 -127 c 0,152,153
 -27 -127 -27 -127 43 -96.5 c 128,-1,154
 113 -66 113 -66 191 10 c 1,155,156
 140 33 140 33 89.5 47 c 128,-1,157
 39 61 39 61 -12 61 c 0,144,145
EndSplineSet
