Width: 824
Flags: W
LayerCount: 2
Fore
SplineSet
112 75 m 2,0,1
 109 67 109 67 109 60 c 0,2,3
 109 50 109 50 115 43 c 128,-1,4
 121 36 121 36 130 31.5 c 128,-1,5
 139 27 139 27 149.5 24 c 128,-1,6
 160 21 160 21 169 20 c 0,7,8
 175 19 175 19 180.5 19 c 128,-1,9
 186 19 186 19 196 19 c 0,10,11
 201 19 201 19 201 11 c 0,12,13
 201 7 201 7 198.5 3.5 c 128,-1,14
 196 0 196 0 191 0 c 0,15,16
 187 0 187 0 176 0.5 c 128,-1,17
 165 1 165 1 150 2 c 128,-1,18
 135 3 135 3 117.5 3.5 c 128,-1,19
 100 4 100 4 84 4 c 0,20,21
 72 4 72 4 55 4 c 128,-1,22
 38 4 38 4 22 3.5 c 128,-1,23
 6 3 6 3 -6.5 2.5 c 128,-1,24
 -19 2 -19 2 -22 2 c 0,25,26
 -28 2 -28 2 -28 5 c 128,-1,27
 -28 8 -28 8 -29 11 c 0,28,29
 -29 14 -29 14 -27.5 17.5 c 128,-1,30
 -26 21 -26 21 -21 22 c 0,31,32
 20 23 20 23 43 38 c 128,-1,33
 66 53 66 53 86 85 c 1,34,-1
 414 832 l 1,35,36
 369 913 369 913 306 964 c 128,-1,37
 243 1015 243 1015 163 1015 c 0,38,39
 104 1015 104 1015 61.5 995.5 c 128,-1,40
 19 976 19 976 -9 945 c 128,-1,41
 -37 914 -37 914 -50.5 875.5 c 128,-1,42
 -64 837 -64 837 -64 800 c 0,43,44
 -64 773 -64 773 -57 748 c 128,-1,45
 -50 723 -50 723 -35.5 704 c 128,-1,46
 -21 685 -21 685 -0.5 674 c 128,-1,47
 20 663 20 663 47 663 c 0,48,49
 84 663 84 663 110 674 c 128,-1,50
 136 685 136 685 152.5 701.5 c 128,-1,51
 169 718 169 718 176.5 738 c 128,-1,52
 184 758 184 758 184 777 c 0,53,54
 184 799 184 799 175 814 c 0,55,56
 169 824 169 824 169 833 c 256,57,58
 169 842 169 842 175.5 846.5 c 128,-1,59
 182 851 182 851 190 851 c 0,60,61
 207 851 207 851 215 839 c 128,-1,62
 223 827 223 827 223 808 c 0,63,64
 223 785 223 785 211 757 c 128,-1,65
 199 729 199 729 175.5 704 c 128,-1,66
 152 679 152 679 117 662 c 128,-1,67
 82 645 82 645 35 645 c 0,68,69
 -1 645 -1 645 -28.5 657.5 c 128,-1,70
 -56 670 -56 670 -74.5 691 c 128,-1,71
 -93 712 -93 712 -102.5 739.5 c 128,-1,72
 -112 767 -112 767 -112 797 c 0,73,74
 -112 837 -112 837 -95 879 c 128,-1,75
 -78 921 -78 921 -43.5 954.5 c 128,-1,76
 -9 988 -9 988 44 1009.5 c 128,-1,77
 97 1031 97 1031 168 1031 c 0,78,79
 248 1031 248 1031 313 996.5 c 128,-1,80
 378 962 378 962 428 904 c 128,-1,81
 478 846 478 846 513 770.5 c 128,-1,82
 548 695 548 695 568 613 c 1,83,84
 627 679 627 679 698.5 738.5 c 128,-1,85
 770 798 770 798 852.5 842.5 c 128,-1,86
 935 887 935 887 1028 913.5 c 128,-1,87
 1121 940 1121 940 1222 940 c 0,88,89
 1234 940 1234 940 1234 935 c 256,90,91
 1234 930 1234 930 1225.5 924.5 c 128,-1,92
 1217 919 1217 919 1206 919 c 0,93,94
 1137 907 1137 907 1074 865 c 128,-1,95
 1011 823 1011 823 958 760.5 c 128,-1,96
 905 698 905 698 862 619 c 128,-1,97
 819 540 819 540 789 453.5 c 128,-1,98
 759 367 759 367 743 277 c 128,-1,99
 727 187 727 187 727 102 c 0,100,101
 727 48 727 48 734 -1.5 c 128,-1,102
 741 -51 741 -51 755 -96 c 1,103,104
 786 -91 786 -91 819.5 -88.5 c 128,-1,105
 853 -86 853 -86 889 -86 c 0,106,107
 960 -86 960 -86 1020.5 -104 c 128,-1,108
 1081 -122 1081 -122 1125.5 -150 c 128,-1,109
 1170 -178 1170 -178 1195.5 -210.5 c 128,-1,110
 1221 -243 1221 -243 1221 -272 c 0,111,112
 1221 -304 1221 -304 1187 -325.5 c 128,-1,113
 1153 -347 1153 -347 1076 -347 c 0,114,115
 1006 -347 1006 -347 948.5 -333 c 128,-1,116
 891 -319 891 -319 845 -293 c 128,-1,117
 799 -267 799 -267 764 -231 c 128,-1,118
 729 -195 729 -195 705 -151 c 1,119,120
 650 -168 650 -168 594 -187.5 c 128,-1,121
 538 -207 538 -207 481 -223.5 c 128,-1,122
 424 -240 424 -240 367 -251.5 c 128,-1,123
 310 -263 310 -263 252 -263 c 0,124,125
 193 -263 193 -263 164.5 -241 c 128,-1,126
 136 -219 136 -219 136 -194 c 0,127,128
 136 -173 136 -173 156 -156.5 c 128,-1,129
 176 -140 176 -140 215 -140 c 0,130,131
 240 -140 240 -140 240 -156 c 0,132,133
 240 -164 240 -164 232.5 -172 c 128,-1,134
 225 -180 225 -180 213 -180 c 0,135,136
 200 -180 200 -180 196.5 -177 c 128,-1,137
 193 -174 193 -174 181 -174 c 0,138,139
 170 -174 170 -174 162 -181 c 128,-1,140
 154 -188 154 -188 154 -199 c 0,141,142
 154 -213 154 -213 173.5 -227 c 128,-1,143
 193 -241 193 -241 242 -241 c 0,144,145
 293 -241 293 -241 342 -226.5 c 128,-1,146
 391 -212 391 -212 444 -191.5 c 128,-1,147
 497 -171 497 -171 555.5 -148.5 c 128,-1,148
 614 -126 614 -126 684 -109 c 1,149,150
 662 -58 662 -58 652 -0.5 c 128,-1,151
 642 57 642 57 642 120 c 0,152,153
 642 199 642 199 658 281 c 128,-1,154
 674 363 674 363 704 442.5 c 128,-1,155
 734 522 734 522 777 596 c 128,-1,156
 820 670 820 670 874.5 731.5 c 128,-1,157
 929 793 929 793 993.5 839.5 c 128,-1,158
 1058 886 1058 886 1131 911 c 0,159,160
 1132 912 1132 912 1134 913 c 0,161,162
 1137 916 1137 916 1137 916 c 2,163,164
 1137 917 1137 917 1133 917 c 0,165,166
 1046 907 1046 907 966.5 876.5 c 128,-1,167
 887 846 887 846 817 801.5 c 128,-1,168
 747 757 747 757 686 701.5 c 128,-1,169
 625 646 625 646 575 586 c 1,170,171
 595 489 595 489 595 397 c 0,172,173
 595 327 595 327 583 265 c 128,-1,174
 571 203 571 203 547.5 156.5 c 128,-1,175
 524 110 524 110 488.5 83 c 128,-1,176
 453 56 453 56 406 56 c 0,177,178
 370 56 370 56 352.5 81 c 128,-1,179
 335 106 335 106 335 148 c 0,180,181
 335 183 335 183 346.5 228.5 c 128,-1,182
 358 274 358 274 380.5 325.5 c 128,-1,183
 403 377 403 377 435.5 432.5 c 128,-1,184
 468 488 468 488 510 543 c 1,185,186
 498 613 498 613 477 680.5 c 128,-1,187
 456 748 456 748 427 808 c 1,188,-1
 112 75 l 2,0,1
1042 -316 m 0,189,190
 1105 -316 1105 -316 1133.5 -296.5 c 128,-1,191
 1162 -277 1162 -277 1162 -250 c 0,192,193
 1162 -228 1162 -228 1144.5 -204 c 128,-1,194
 1127 -180 1127 -180 1095 -160 c 128,-1,195
 1063 -140 1063 -140 1016.5 -127 c 128,-1,196
 970 -114 970 -114 913 -114 c 0,197,198
 877 -114 877 -114 841 -119 c 128,-1,199
 805 -124 805 -124 768 -133 c 1,200,201
 803 -216 803 -216 870.5 -266 c 128,-1,202
 938 -316 938 -316 1042 -316 c 0,189,190
364 148 m 0,203,204
 364 114 364 114 376 95 c 128,-1,205
 388 76 388 76 414 76 c 0,206,207
 442 76 442 76 463.5 97.5 c 128,-1,208
 485 119 485 119 499.5 156 c 128,-1,209
 514 193 514 193 521 243.5 c 128,-1,210
 528 294 528 294 528 352 c 0,211,212
 528 429 528 429 516 510 c 1,213,214
 479 458 479 458 451 406.5 c 128,-1,215
 423 355 423 355 403.5 307.5 c 128,-1,216
 384 260 384 260 374 219.5 c 128,-1,217
 364 179 364 179 364 148 c 0,203,204
EndSplineSet
