Width: 737
Flags: W
LayerCount: 2
Fore
SplineSet
-4 1168 m 0,0,1
 -42 1168 -42 1168 -79.5 1156.5 c 128,-1,2
 -117 1145 -117 1145 -147 1124.5 c 128,-1,3
 -177 1104 -177 1104 -196 1075 c 128,-1,4
 -215 1046 -215 1046 -215 1011 c 0,5,6
 -215 1003 -215 1003 -213 995 c 128,-1,7
 -211 987 -211 987 -211 979 c 256,8,9
 -211 971 -211 971 -216 966 c 128,-1,10
 -221 961 -221 961 -237 961 c 0,11,12
 -254 961 -254 961 -263 972 c 128,-1,13
 -272 983 -272 983 -272 1001 c 0,14,15
 -272 1025 -272 1025 -255.5 1056.5 c 128,-1,16
 -239 1088 -239 1088 -205 1116.5 c 128,-1,17
 -171 1145 -171 1145 -118.5 1164.5 c 128,-1,18
 -66 1184 -66 1184 5 1184 c 0,19,20
 107 1184 107 1184 182.5 1145.5 c 128,-1,21
 258 1107 258 1107 314.5 1040.5 c 128,-1,22
 371 974 371 974 412 884.5 c 128,-1,23
 453 795 453 795 484.5 693.5 c 128,-1,24
 516 592 516 592 541.5 483.5 c 128,-1,25
 567 375 567 375 594 270 c 1,26,27
 594 272 594 272 595 273 c 0,28,29
 626 341 626 341 665.5 422.5 c 128,-1,30
 705 504 705 504 752.5 586 c 128,-1,31
 800 668 800 668 857 744.5 c 128,-1,32
 914 821 914 821 981 880.5 c 128,-1,33
 1048 940 1048 940 1125.5 975.5 c 128,-1,34
 1203 1011 1203 1011 1292 1011 c 0,35,36
 1333 1011 1333 1011 1350 995 c 128,-1,37
 1367 979 1367 979 1367 962 c 0,38,39
 1367 950 1367 950 1359.5 941.5 c 128,-1,40
 1352 933 1352 933 1338 933 c 0,41,42
 1328 933 1328 933 1320 937 c 128,-1,43
 1312 941 1312 941 1301.5 945.5 c 128,-1,44
 1291 950 1291 950 1275.5 954 c 128,-1,45
 1260 958 1260 958 1236 958 c 0,46,47
 1165 958 1165 958 1099.5 925 c 128,-1,48
 1034 892 1034 892 974.5 836.5 c 128,-1,49
 915 781 915 781 861.5 707.5 c 128,-1,50
 808 634 808 634 761.5 553.5 c 128,-1,51
 715 473 715 473 675.5 389.5 c 128,-1,52
 636 306 636 306 604 230 c 1,53,54
 633 122 633 122 667.5 25.5 c 128,-1,55
 702 -71 702 -71 750.5 -143.5 c 128,-1,56
 799 -216 799 -216 864.5 -258.5 c 128,-1,57
 930 -301 930 -301 1022 -301 c 0,58,59
 1048 -301 1048 -301 1080.5 -297.5 c 128,-1,60
 1113 -294 1113 -294 1141.5 -280.5 c 128,-1,61
 1170 -267 1170 -267 1189 -239.5 c 128,-1,62
 1208 -212 1208 -212 1208 -164 c 0,63,64
 1208 -141 1208 -141 1219 -129.5 c 128,-1,65
 1230 -118 1230 -118 1243 -118 c 0,66,67
 1254 -118 1254 -118 1263 -127.5 c 128,-1,68
 1272 -137 1272 -137 1272 -157 c 0,69,70
 1272 -179 1272 -179 1258.5 -206.5 c 128,-1,71
 1245 -234 1245 -234 1216 -258.5 c 128,-1,72
 1187 -283 1187 -283 1141 -299.5 c 128,-1,73
 1095 -316 1095 -316 1030 -316 c 0,74,75
 910 -316 910 -316 824.5 -267.5 c 128,-1,76
 739 -219 739 -219 677.5 -136.5 c 128,-1,77
 616 -54 616 -54 574.5 54 c 128,-1,78
 533 162 533 162 501 281 c 128,-1,79
 469 400 469 400 441 521.5 c 128,-1,80
 413 643 413 643 380 753 c 1,81,-1
 88 75 l 2,82,83
 85 67 85 67 85 60 c 0,84,85
 85 50 85 50 91 43 c 128,-1,86
 97 36 97 36 106 31.5 c 128,-1,87
 115 27 115 27 125.5 24 c 128,-1,88
 136 21 136 21 145 20 c 0,89,90
 151 19 151 19 156.5 19 c 128,-1,91
 162 19 162 19 172 19 c 0,92,93
 177 19 177 19 177 11 c 0,94,95
 177 7 177 7 174.5 3.5 c 128,-1,96
 172 0 172 0 167 0 c 0,97,98
 163 0 163 0 152 0.5 c 128,-1,99
 141 1 141 1 126 2 c 128,-1,100
 111 3 111 3 93.5 3.5 c 128,-1,101
 76 4 76 4 60 4 c 0,102,103
 48 4 48 4 31 4 c 128,-1,104
 14 4 14 4 -2 3.5 c 128,-1,105
 -18 3 -18 3 -30.5 2.5 c 128,-1,106
 -43 2 -43 2 -46 2 c 0,107,108
 -52 2 -52 2 -52 5 c 128,-1,109
 -52 8 -52 8 -53 11 c 0,110,111
 -53 14 -53 14 -51.5 17.5 c 128,-1,112
 -50 21 -50 21 -45 22 c 0,113,114
 -4 23 -4 23 19 38 c 128,-1,115
 42 53 42 53 62 85 c 1,116,-1
 370 785 l 1,117,118
 343 867 343 867 310 937 c 128,-1,119
 277 1007 277 1007 232.5 1058.5 c 128,-1,120
 188 1110 188 1110 130 1139 c 128,-1,121
 72 1168 72 1168 -4 1168 c 0,0,1
EndSplineSet
