Width: 695
Flags: W
LayerCount: 2
Fore
SplineSet
520 638 m 0,0,1
 520 618 520 618 523.5 594.5 c 128,-1,2
 527 571 527 571 530.5 547.5 c 128,-1,3
 534 524 534 524 537.5 502.5 c 128,-1,4
 541 481 541 481 541 465 c 0,5,6
 541 425 541 425 527.5 395 c 128,-1,7
 514 365 514 365 492 344.5 c 128,-1,8
 470 324 470 324 442.5 313.5 c 128,-1,9
 415 303 415 303 388 303 c 0,10,11
 366 303 366 303 345.5 310 c 128,-1,12
 325 317 325 317 309.5 331.5 c 128,-1,13
 294 346 294 346 284.5 367.5 c 128,-1,14
 275 389 275 389 275 419 c 0,15,16
 275 481 275 481 294 539.5 c 128,-1,17
 313 598 313 598 344.5 649.5 c 128,-1,18
 376 701 376 701 417.5 744 c 128,-1,19
 459 787 459 787 504 818 c 128,-1,20
 549 849 549 849 594.5 866.5 c 128,-1,21
 640 884 640 884 680 884 c 0,22,23
 721 884 721 884 750.5 871 c 128,-1,24
 780 858 780 858 799 834.5 c 128,-1,25
 818 811 818 811 827 778.5 c 128,-1,26
 836 746 836 746 836 707 c 0,27,28
 836 640 836 640 811.5 558.5 c 128,-1,29
 787 477 787 477 743.5 394 c 128,-1,30
 700 311 700 311 639.5 233 c 128,-1,31
 579 155 579 155 507 94 c 128,-1,32
 435 33 435 33 354 -3.5 c 128,-1,33
 273 -40 273 -40 188 -40 c 0,34,35
 146 -40 146 -40 110 -26.5 c 128,-1,36
 74 -13 74 -13 47.5 15 c 128,-1,37
 21 43 21 43 6.5 87 c 128,-1,38
 -8 131 -8 131 -8 191 c 0,39,40
 -8 258 -8 258 14 334 c 128,-1,41
 36 410 36 410 75.5 486.5 c 128,-1,42
 115 563 115 563 169.5 635 c 128,-1,43
 224 707 224 707 289.5 766 c 128,-1,44
 355 825 355 825 429.5 865.5 c 128,-1,45
 504 906 504 906 583 920 c 0,46,47
 591 920 591 920 591 914 c 256,48,49
 591 908 591 908 583 906 c 0,50,51
 504 884 504 884 437.5 839.5 c 128,-1,52
 371 795 371 795 317 736.5 c 128,-1,53
 263 678 263 678 221.5 609 c 128,-1,54
 180 540 180 540 152 468.5 c 128,-1,55
 124 397 124 397 110 326.5 c 128,-1,56
 96 256 96 256 96 196 c 0,57,58
 96 151 96 151 104 113 c 128,-1,59
 112 75 112 75 128 48 c 128,-1,60
 144 21 144 21 169 5.5 c 128,-1,61
 194 -10 194 -10 227 -10 c 0,62,63
 291 -10 291 -10 355 26.5 c 128,-1,64
 419 63 419 63 478 122.5 c 128,-1,65
 537 182 537 182 588.5 258 c 128,-1,66
 640 334 640 334 678 414 c 128,-1,67
 716 494 716 494 737.5 571.5 c 128,-1,68
 759 649 759 649 759 710 c 0,69,70
 759 774 759 774 732.5 813.5 c 128,-1,71
 706 853 706 853 646 853 c 0,72,73
 615 853 615 853 580 837 c 128,-1,74
 545 821 545 821 511 792 c 128,-1,75
 477 763 477 763 445 724 c 128,-1,76
 413 685 413 685 389 638.5 c 128,-1,77
 365 592 365 592 350.5 540.5 c 128,-1,78
 336 489 336 489 336 436 c 0,79,80
 336 381 336 381 361.5 352.5 c 128,-1,81
 387 324 387 324 417 324 c 0,82,83
 444 324 444 324 465.5 348.5 c 128,-1,84
 487 373 487 373 487 425 c 0,85,86
 487 460 487 460 479.5 506.5 c 128,-1,87
 472 553 472 553 472 596 c 0,88,89
 472 627 472 627 484 651.5 c 128,-1,90
 496 676 496 676 514 693 c 128,-1,91
 532 710 532 710 553.5 718.5 c 128,-1,92
 575 727 575 727 595 727 c 0,93,94
 617 727 617 727 632 715.5 c 128,-1,95
 647 704 647 704 647 681 c 0,96,97
 647 668 647 668 637.5 656 c 128,-1,98
 628 644 628 644 612 644 c 0,99,100
 604 644 604 644 598 648.5 c 128,-1,101
 592 653 592 653 592 661 c 0,102,103
 592 667 592 667 596 676.5 c 128,-1,104
 600 686 600 686 600 691 c 0,105,106
 600 710 600 710 580 710 c 0,107,108
 571 710 571 710 560.5 705 c 128,-1,109
 550 700 550 700 541 691 c 128,-1,110
 532 682 532 682 526 668.5 c 128,-1,111
 520 655 520 655 520 638 c 0,0,1
EndSplineSet
