Width: 501
Flags: W
LayerCount: 2
Fore
SplineSet
359 723 m 0,0,1
 359 735 359 735 343 735 c 0,2,3
 337 735 337 735 333 734 c 0,4,5
 324 734 324 734 324 744 c 0,6,7
 324 752 324 752 332 753 c 0,8,9
 339 755 339 755 359.5 762 c 128,-1,10
 380 769 380 769 400 777 c 256,11,12
 420 785 420 785 443 797 c 128,-1,13
 466 809 466 809 480 820 c 0,14,15
 485 824 485 824 489 824 c 256,16,17
 493 824 493 824 494 821 c 128,-1,18
 495 818 495 818 495 815 c 0,19,20
 495 809 495 809 494 808 c 0,21,22
 484 800 484 800 475 791.5 c 128,-1,23
 466 783 466 783 455 760 c 0,24,25
 449 749 449 749 437 726 c 128,-1,26
 425 703 425 703 404 658.5 c 128,-1,27
 383 614 383 614 351 544.5 c 128,-1,28
 319 475 319 475 274 370 c 1,29,30
 303 361 303 361 331.5 357 c 128,-1,31
 360 353 360 353 386 353 c 0,32,33
 462 353 462 353 524.5 382.5 c 128,-1,34
 587 412 587 412 632 459 c 128,-1,35
 677 506 677 506 701.5 564 c 128,-1,36
 726 622 726 622 726 680 c 0,37,38
 726 726 726 726 708.5 769 c 128,-1,39
 691 812 691 812 654 844.5 c 128,-1,40
 617 877 617 877 558.5 896.5 c 128,-1,41
 500 916 500 916 418 916 c 0,42,43
 335 916 335 916 266.5 900.5 c 128,-1,44
 198 885 198 885 144 859.5 c 128,-1,45
 90 834 90 834 50.5 800.5 c 128,-1,46
 11 767 11 767 -15.5 731 c 128,-1,47
 -42 695 -42 695 -55 659 c 128,-1,48
 -68 623 -68 623 -68 593 c 0,49,50
 -68 552 -68 552 -46.5 526.5 c 128,-1,51
 -25 501 -25 501 18 501 c 0,52,53
 57 501 57 501 87.5 522 c 128,-1,54
 118 543 118 543 135 564 c 0,55,56
 147 579 147 579 163 579 c 0,57,58
 178 579 178 579 178 563 c 0,59,60
 178 545 178 545 162 530 c 128,-1,61
 146 515 146 515 123.5 504.5 c 128,-1,62
 101 494 101 494 76 488.5 c 128,-1,63
 51 483 51 483 33 483 c 0,64,65
 -51 483 -51 483 -90 515.5 c 128,-1,66
 -129 548 -129 548 -129 598 c 256,67,68
 -129 648 -129 648 -90.5 707 c 128,-1,69
 -52 766 -52 766 21.5 816.5 c 128,-1,70
 95 867 95 867 201 900.5 c 128,-1,71
 307 934 307 934 442 934 c 0,72,73
 538 934 538 934 606.5 913.5 c 128,-1,74
 675 893 675 893 718.5 859 c 128,-1,75
 762 825 762 825 782.5 780 c 128,-1,76
 803 735 803 735 803 686 c 0,77,78
 803 624 803 624 773 562 c 128,-1,79
 743 500 743 500 689 449.5 c 128,-1,80
 635 399 635 399 559 367.5 c 128,-1,81
 483 336 483 336 392 336 c 0,82,83
 332 336 332 336 266 351 c 1,84,85
 240 291 240 291 211.5 220.5 c 128,-1,86
 183 150 183 150 148 65 c 0,87,88
 146 60 146 60 145 56.5 c 128,-1,89
 144 53 144 53 144 49 c 0,90,91
 144 35 144 35 155.5 28 c 128,-1,92
 167 21 167 21 184 19 c 0,93,94
 190 18 190 18 195.5 18 c 128,-1,95
 201 18 201 18 211 18 c 0,96,97
 216 18 216 18 216 10 c 0,98,99
 216 6 216 6 213.5 2.5 c 128,-1,100
 211 -1 211 -1 206 -1 c 0,101,102
 202 -1 202 -1 191 -0.5 c 128,-1,103
 180 0 180 0 165 1 c 128,-1,104
 150 2 150 2 132.5 2.5 c 128,-1,105
 115 3 115 3 99 3 c 0,106,107
 87 3 87 3 70 3 c 128,-1,108
 53 3 53 3 37 2.5 c 128,-1,109
 21 2 21 2 8.5 1.5 c 128,-1,110
 -4 1 -4 1 -7 1 c 0,111,112
 -13 1 -13 1 -13 4 c 128,-1,113
 -13 7 -13 7 -14 10 c 0,114,115
 -14 13 -14 13 -12.5 16.5 c 128,-1,116
 -11 20 -11 20 -6 21 c 0,117,118
 14 21 14 21 27.5 25 c 128,-1,119
 41 29 41 29 50.5 36.5 c 128,-1,120
 60 44 60 44 67.5 56 c 128,-1,121
 75 68 75 68 83 85 c 0,122,123
 87 94 87 94 101.5 127 c 128,-1,124
 116 160 116 160 137.5 209.5 c 128,-1,125
 159 259 159 259 186 320.5 c 128,-1,126
 213 382 213 382 242 449 c 128,-1,127
 271 516 271 516 300 583.5 c 128,-1,128
 329 651 329 651 356 712 c 0,129,130
 356 714 356 714 357 716 c 0,131,132
 359 720 359 720 359 723 c 0,0,1
EndSplineSet
