Width: 833
Flags: W
LayerCount: 2
Fore
SplineSet
343 434 m 0,0,1
 343 487 343 487 364.5 530 c 128,-1,2
 386 573 386 573 419 603.5 c 128,-1,3
 452 634 452 634 492 650.5 c 128,-1,4
 532 667 532 667 568 667 c 0,5,6
 613 667 613 667 644.5 639.5 c 128,-1,7
 676 612 676 612 676 552 c 0,8,9
 676 466 676 466 640 399 c 128,-1,10
 604 332 604 332 548.5 286 c 128,-1,11
 493 240 493 240 426 215.5 c 128,-1,12
 359 191 359 191 297 191 c 0,13,14
 243 191 243 191 205 205.5 c 128,-1,15
 167 220 167 220 142.5 245.5 c 128,-1,16
 118 271 118 271 106.5 306 c 128,-1,17
 95 341 95 341 95 382 c 0,18,19
 95 434 95 434 112.5 492.5 c 128,-1,20
 130 551 130 551 162.5 608 c 128,-1,21
 195 665 195 665 240.5 717 c 128,-1,22
 286 769 286 769 341.5 809 c 128,-1,23
 397 849 397 849 460.5 872.5 c 128,-1,24
 524 896 524 896 594 896 c 0,25,26
 671 896 671 896 727 876 c 128,-1,27
 783 856 783 856 819 821.5 c 128,-1,28
 855 787 855 787 872.5 739.5 c 128,-1,29
 890 692 890 692 890 637 c 0,30,31
 890 559 890 559 857 472 c 128,-1,32
 824 385 824 385 762.5 302.5 c 128,-1,33
 701 220 701 220 612.5 148 c 128,-1,34
 524 76 524 76 413 30 c 1,35,36
 475 14 475 14 533.5 2 c 128,-1,37
 592 -10 592 -10 643 -10 c 0,38,39
 677 -10 677 -10 700 -4.5 c 128,-1,40
 723 1 723 1 752 15 c 0,41,42
 765 21 765 21 778 21 c 0,43,44
 792 21 792 21 800 14 c 128,-1,45
 808 7 808 7 808 -3 c 0,46,47
 808 -19 808 -19 781.5 -35 c 128,-1,48
 755 -51 755 -51 690 -51 c 0,49,50
 615 -51 615 -51 536.5 -30.5 c 128,-1,51
 458 -10 458 -10 378 16 c 1,52,53
 311 -8 311 -8 238 -21.5 c 128,-1,54
 165 -35 165 -35 86 -35 c 0,55,56
 -13 -35 -13 -35 -57.5 -18.5 c 128,-1,57
 -102 -2 -102 -2 -102 20 c 0,58,59
 -102 33 -102 33 -87.5 46 c 128,-1,60
 -73 59 -73 59 -45.5 69.5 c 128,-1,61
 -18 80 -18 80 21 86.5 c 128,-1,62
 60 93 60 93 108 93 c 0,63,64
 165 93 165 93 237.5 75.5 c 128,-1,65
 310 58 310 58 386 37 c 1,66,67
 487 80 487 80 564.5 148 c 128,-1,68
 642 216 642 216 694.5 295.5 c 128,-1,69
 747 375 747 375 774 459.5 c 128,-1,70
 801 544 801 544 801 620 c 0,71,72
 801 674 801 674 787 720.5 c 128,-1,73
 773 767 773 767 745 801.5 c 128,-1,74
 717 836 717 836 674.5 855.5 c 128,-1,75
 632 875 632 875 574 875 c 0,76,77
 520 875 520 875 470 852 c 128,-1,78
 420 829 420 829 375.5 790.5 c 128,-1,79
 331 752 331 752 294.5 702 c 128,-1,80
 258 652 258 652 232 597 c 128,-1,81
 206 542 206 542 191.5 486.5 c 128,-1,82
 177 431 177 431 177 382 c 0,83,84
 177 346 177 346 185.5 315 c 128,-1,85
 194 284 194 284 212 261.5 c 128,-1,86
 230 239 230 239 258.5 226.5 c 128,-1,87
 287 214 287 214 326 214 c 0,88,89
 374 214 374 214 425.5 236.5 c 128,-1,90
 477 259 477 259 519.5 300.5 c 128,-1,91
 562 342 562 342 589.5 400.5 c 128,-1,92
 617 459 617 459 617 532 c 0,93,94
 617 591 617 591 593 615.5 c 128,-1,95
 569 640 569 640 537 640 c 0,96,97
 513 640 513 640 487 628.5 c 128,-1,98
 461 617 461 617 440 597 c 128,-1,99
 419 577 419 577 405.5 551 c 128,-1,100
 392 525 392 525 392 496 c 0,101,102
 392 485 392 485 394.5 473.5 c 128,-1,103
 397 462 397 462 404 451 c 0,104,105
 416 430 416 430 416 414 c 256,106,107
 416 398 416 398 406.5 389.5 c 128,-1,108
 397 381 397 381 384 381 c 0,109,110
 369 381 369 381 356 394 c 128,-1,111
 343 407 343 407 343 434 c 0,0,1
96 75 m 0,112,113
 73 75 73 75 51.5 70 c 128,-1,114
 30 65 30 65 13.5 57 c 128,-1,115
 -3 49 -3 49 -13 39.5 c 128,-1,116
 -23 30 -23 30 -23 20 c 0,117,118
 -23 5 -23 5 6 -6.5 c 128,-1,119
 35 -18 35 -18 104 -18 c 256,120,121
 173 -18 173 -18 234.5 -7 c 128,-1,122
 296 4 296 4 353 24 c 1,123,124
 287 44 287 44 222.5 59.5 c 128,-1,125
 158 75 158 75 96 75 c 0,112,113
EndSplineSet
