Width: 725
Flags: W
LayerCount: 2
Fore
SplineSet
1249 -97 m 0,0,1
 1214 -97 1214 -97 1185 -112 c 128,-1,2
 1156 -127 1156 -127 1135.5 -150 c 128,-1,3
 1115 -173 1115 -173 1103.5 -201 c 128,-1,4
 1092 -229 1092 -229 1092 -256 c 0,5,6
 1092 -292 1092 -292 1114.5 -318 c 128,-1,7
 1137 -344 1137 -344 1188 -344 c 0,8,9
 1227 -344 1227 -344 1251.5 -326.5 c 128,-1,10
 1276 -309 1276 -309 1286 -281 c 0,11,12
 1289 -273 1289 -273 1296 -269 c 128,-1,13
 1303 -265 1303 -265 1310 -265 c 0,14,15
 1318 -265 1318 -265 1323.5 -269.5 c 128,-1,16
 1329 -274 1329 -274 1329 -282 c 0,17,18
 1329 -300 1329 -300 1316 -315 c 128,-1,19
 1303 -330 1303 -330 1284 -340.5 c 128,-1,20
 1265 -351 1265 -351 1243 -356.5 c 128,-1,21
 1221 -362 1221 -362 1203 -362 c 0,22,23
 1159 -362 1159 -362 1127.5 -351.5 c 128,-1,24
 1096 -341 1096 -341 1075 -324 c 128,-1,25
 1054 -307 1054 -307 1044 -284.5 c 128,-1,26
 1034 -262 1034 -262 1034 -238 c 0,27,28
 1034 -210 1034 -210 1047.5 -181.5 c 128,-1,29
 1061 -153 1061 -153 1087.5 -130.5 c 128,-1,30
 1114 -108 1114 -108 1152.5 -94 c 128,-1,31
 1191 -80 1191 -80 1241 -80 c 0,32,33
 1304 -80 1304 -80 1351.5 -97 c 128,-1,34
 1399 -114 1399 -114 1431 -142.5 c 128,-1,35
 1463 -171 1463 -171 1479 -207.5 c 128,-1,36
 1495 -244 1495 -244 1495 -283 c 0,37,38
 1495 -326 1495 -326 1475 -368.5 c 128,-1,39
 1455 -411 1455 -411 1415.5 -444.5 c 128,-1,40
 1376 -478 1376 -478 1316 -498.5 c 128,-1,41
 1256 -519 1256 -519 1175 -519 c 0,42,43
 1060 -519 1060 -519 972.5 -486 c 128,-1,44
 885 -453 885 -453 818.5 -398 c 128,-1,45
 752 -343 752 -343 704 -270 c 128,-1,46
 656 -197 656 -197 622 -116.5 c 128,-1,47
 588 -36 588 -36 564 47 c 128,-1,48
 540 130 540 130 521.5 205 c 128,-1,49
 503 280 503 280 487.5 342.5 c 128,-1,50
 472 405 472 405 453 444 c 1,51,-1
 437 444 l 2,52,53
 388 444 388 444 365.5 460.5 c 128,-1,54
 343 477 343 477 343 494 c 0,55,56
 343 507 343 507 354 516 c 128,-1,57
 365 525 365 525 387 525 c 0,58,59
 410 525 410 525 429.5 509.5 c 128,-1,60
 449 494 449 494 468 466 c 1,61,62
 530 468 530 468 579 488 c 128,-1,63
 628 508 628 508 661.5 539 c 128,-1,64
 695 570 695 570 713 608.5 c 128,-1,65
 731 647 731 647 731 688 c 0,66,67
 731 730 731 730 711 770.5 c 128,-1,68
 691 811 691 811 648.5 842.5 c 128,-1,69
 606 874 606 874 541 893.5 c 128,-1,70
 476 913 476 913 386 913 c 0,71,72
 257 913 257 913 164 881 c 128,-1,73
 71 849 71 849 11 801 c 128,-1,74
 -49 753 -49 753 -77.5 698 c 128,-1,75
 -106 643 -106 643 -106 597 c 0,76,77
 -106 554 -106 554 -82.5 526 c 128,-1,78
 -59 498 -59 498 -14 498 c 0,79,80
 25 498 25 498 55.5 519 c 128,-1,81
 86 540 86 540 103 561 c 0,82,83
 115 576 115 576 131 576 c 0,84,85
 146 576 146 576 146 560 c 0,86,87
 146 542 146 542 130 527 c 128,-1,88
 114 512 114 512 91.5 501.5 c 128,-1,89
 69 491 69 491 44 485.5 c 128,-1,90
 19 480 19 480 1 480 c 0,91,92
 -77 480 -77 480 -114 514 c 128,-1,93
 -151 548 -151 548 -151 599 c 0,94,95
 -151 649 -151 649 -115.5 707 c 128,-1,96
 -80 765 -80 765 -9.5 814.5 c 128,-1,97
 61 864 61 864 164.5 897 c 128,-1,98
 268 930 268 930 405 930 c 0,99,100
 515 930 515 930 593.5 911 c 128,-1,101
 672 892 672 892 722.5 860.5 c 128,-1,102
 773 829 773 829 796.5 788.5 c 128,-1,103
 820 748 820 748 820 705 c 0,104,105
 820 660 820 660 796.5 616 c 128,-1,106
 773 572 773 572 729 536 c 128,-1,107
 685 500 685 500 622.5 475.5 c 128,-1,108
 560 451 560 451 482 445 c 1,109,110
 508 400 508 400 533.5 335.5 c 128,-1,111
 559 271 559 271 586 196.5 c 128,-1,112
 613 122 613 122 643 41.5 c 128,-1,113
 673 -39 673 -39 710 -116 c 128,-1,114
 747 -193 747 -193 791.5 -262 c 128,-1,115
 836 -331 836 -331 891 -383.5 c 128,-1,116
 946 -436 946 -436 1013 -466.5 c 128,-1,117
 1080 -497 1080 -497 1163 -497 c 0,118,119
 1233 -497 1233 -497 1284 -477.5 c 128,-1,120
 1335 -458 1335 -458 1368 -427 c 128,-1,121
 1401 -396 1401 -396 1417 -357 c 128,-1,122
 1433 -318 1433 -318 1433 -278 c 0,123,124
 1433 -243 1433 -243 1421 -210.5 c 128,-1,125
 1409 -178 1409 -178 1385.5 -152.5 c 128,-1,126
 1362 -127 1362 -127 1328 -112 c 128,-1,127
 1294 -97 1294 -97 1249 -97 c 0,0,1
336 709 m 0,128,129
 339 715 339 715 339 720 c 0,130,131
 339 732 339 732 323 732 c 0,132,133
 317 732 317 732 313 731 c 0,134,135
 304 731 304 731 304 741 c 0,136,137
 304 749 304 749 312 750 c 0,138,139
 319 752 319 752 339.5 759 c 128,-1,140
 360 766 360 766 380 774 c 256,141,142
 400 782 400 782 423 794 c 128,-1,143
 446 806 446 806 460 817 c 0,144,145
 465 821 465 821 469 821 c 256,146,147
 473 821 473 821 474 818 c 128,-1,148
 475 815 475 815 475 812 c 0,149,150
 475 806 475 806 474 805 c 0,151,152
 464 797 464 797 455 788.5 c 128,-1,153
 446 780 446 780 435 757 c 0,154,155
 430 747 430 747 420.5 729 c 128,-1,156
 411 711 411 711 395 678 c 128,-1,157
 379 645 379 645 355.5 595 c 128,-1,158
 332 545 332 545 299.5 471 c 128,-1,159
 267 397 267 397 224.5 296 c 128,-1,160
 182 195 182 195 128 62 c 0,161,162
 126 57 126 57 125 53.5 c 128,-1,163
 124 50 124 50 124 46 c 0,164,165
 124 32 124 32 135.5 25 c 128,-1,166
 147 18 147 18 164 16 c 0,167,168
 170 15 170 15 175.5 15 c 128,-1,169
 181 15 181 15 191 15 c 0,170,171
 196 15 196 15 196 7 c 0,172,173
 196 3 196 3 193.5 -0.5 c 128,-1,174
 191 -4 191 -4 186 -4 c 0,175,176
 182 -4 182 -4 171 -3.5 c 128,-1,177
 160 -3 160 -3 145 -2 c 128,-1,178
 130 -1 130 -1 112.5 -0.5 c 128,-1,179
 95 0 95 0 79 0 c 0,180,181
 67 0 67 0 50 0 c 128,-1,182
 33 0 33 0 17 -0.5 c 128,-1,183
 1 -1 1 -1 -11.5 -1.5 c 128,-1,184
 -24 -2 -24 -2 -27 -2 c 0,185,186
 -33 -2 -33 -2 -33 1 c 128,-1,187
 -33 4 -33 4 -34 7 c 0,188,189
 -34 10 -34 10 -32.5 13.5 c 128,-1,190
 -31 17 -31 17 -26 18 c 0,191,192
 -6 18 -6 18 7.5 22 c 128,-1,193
 21 26 21 26 30.5 33.5 c 128,-1,194
 40 41 40 41 47.5 53 c 128,-1,195
 55 65 55 65 63 82 c 0,196,197
 67 91 67 91 81.5 124 c 128,-1,198
 96 157 96 157 117.5 206.5 c 128,-1,199
 139 256 139 256 166 317.5 c 128,-1,200
 193 379 193 379 222 446 c 128,-1,201
 251 513 251 513 280 580.5 c 128,-1,202
 309 648 309 648 336 709 c 0,128,129
395 498 m 0,203,204
 366 498 366 498 366 488 c 0,205,206
 366 481 366 481 384.5 474 c 128,-1,207
 403 467 403 467 441 466 c 1,208,209
 420 498 420 498 395 498 c 0,203,204
EndSplineSet
