Width: 305
Flags: W
LayerCount: 2
Fore
SplineSet
-669 -174 m 0,0,1
 -669 -144 -669 -144 -658.5 -128.5 c 128,-1,2
 -648 -113 -648 -113 -631 -113 c 256,3,4
 -614 -113 -614 -113 -610 -119.5 c 128,-1,5
 -606 -126 -606 -126 -606 -134 c 0,6,7
 -606 -143 -606 -143 -615.5 -167.5 c 128,-1,8
 -625 -192 -625 -192 -625 -225 c 0,9,10
 -625 -243 -625 -243 -618 -256.5 c 128,-1,11
 -611 -270 -611 -270 -599 -279 c 128,-1,12
 -587 -288 -587 -288 -572 -293 c 128,-1,13
 -557 -298 -557 -298 -541 -298 c 0,14,15
 -493 -298 -493 -298 -470.5 -271 c 128,-1,16
 -448 -244 -448 -244 -448 -207 c 0,17,18
 -448 -182 -448 -182 -458 -156.5 c 128,-1,19
 -468 -131 -468 -131 -488 -110 c 128,-1,20
 -508 -89 -508 -89 -537.5 -75.5 c 128,-1,21
 -567 -62 -567 -62 -605 -62 c 0,22,23
 -649 -62 -649 -62 -682 -76 c 128,-1,24
 -715 -90 -715 -90 -738 -113.5 c 128,-1,25
 -761 -137 -761 -137 -772.5 -167 c 128,-1,26
 -784 -197 -784 -197 -784 -229 c 0,27,28
 -784 -279 -784 -279 -767.5 -316.5 c 128,-1,29
 -751 -354 -751 -354 -722.5 -379 c 128,-1,30
 -694 -404 -694 -404 -655 -416 c 128,-1,31
 -616 -428 -616 -428 -571 -428 c 0,32,33
 -508 -428 -508 -428 -437 -405 c 128,-1,34
 -366 -382 -366 -382 -297 -336 c 0,35,36
 -216 -282 -216 -282 -151.5 -214 c 128,-1,37
 -87 -146 -87 -146 -34 -68.5 c 128,-1,38
 19 9 19 9 62.5 92 c 128,-1,39
 106 175 106 175 146.5 259.5 c 128,-1,40
 187 344 187 344 226 426.5 c 128,-1,41
 265 509 265 509 308 584.5 c 128,-1,42
 351 660 351 660 400.5 725.5 c 128,-1,43
 450 791 450 791 512 842 c 256,44,45
 574 893 574 893 645.5 921.5 c 128,-1,46
 717 950 717 950 803 950 c 0,47,48
 854 950 854 950 888.5 938 c 128,-1,49
 923 926 923 926 944.5 908 c 128,-1,50
 966 890 966 890 975 869.5 c 128,-1,51
 984 849 984 849 984 832 c 256,52,53
 984 815 984 815 977 804.5 c 128,-1,54
 970 794 970 794 959 794 c 0,55,56
 945 794 945 794 935.5 808 c 128,-1,57
 926 822 926 822 924 833 c 0,58,59
 919 852 919 852 909 869.5 c 128,-1,60
 899 887 899 887 882.5 900.5 c 128,-1,61
 866 914 866 914 842.5 922.5 c 128,-1,62
 819 931 819 931 786 931 c 0,63,64
 709 931 709 931 648.5 900.5 c 128,-1,65
 588 870 588 870 536 816 c 0,66,67
 488 765 488 765 449.5 700 c 128,-1,68
 411 635 411 635 376 560.5 c 128,-1,69
 341 486 341 486 307 404 c 128,-1,70
 273 322 273 322 233.5 238 c 128,-1,71
 194 154 194 154 146.5 69.5 c 128,-1,72
 99 -15 99 -15 36.5 -94 c 128,-1,73
 -26 -173 -26 -173 -105.5 -245.5 c 128,-1,74
 -185 -318 -185 -318 -288 -378 c 0,75,76
 -355 -417 -355 -417 -431.5 -438 c 128,-1,77
 -508 -459 -508 -459 -580 -459 c 0,78,79
 -633 -459 -633 -459 -680 -447 c 128,-1,80
 -727 -435 -727 -435 -762 -409 c 128,-1,81
 -797 -383 -797 -383 -817.5 -343 c 128,-1,82
 -838 -303 -838 -303 -838 -247 c 0,83,84
 -838 -209 -838 -209 -822.5 -172 c 128,-1,85
 -807 -135 -807 -135 -776 -106.5 c 128,-1,86
 -745 -78 -745 -78 -699 -60.5 c 128,-1,87
 -653 -43 -653 -43 -592 -43 c 0,88,89
 -544 -43 -544 -43 -509 -55.5 c 128,-1,90
 -474 -68 -474 -68 -451 -88.5 c 128,-1,91
 -428 -109 -428 -109 -416.5 -135 c 128,-1,92
 -405 -161 -405 -161 -405 -188 c 0,93,94
 -405 -212 -405 -212 -414 -234.5 c 128,-1,95
 -423 -257 -423 -257 -441 -274.5 c 128,-1,96
 -459 -292 -459 -292 -485.5 -302.5 c 128,-1,97
 -512 -313 -512 -313 -547 -313 c 0,98,99
 -570 -313 -570 -313 -592 -305 c 128,-1,100
 -614 -297 -614 -297 -631 -280.5 c 128,-1,101
 -648 -264 -648 -264 -658.5 -237.5 c 128,-1,102
 -669 -211 -669 -211 -669 -174 c 0,0,1
EndSplineSet
