Width: 302
Flags: W
LayerCount: 2
Fore
SplineSet
103 659 m 0,0,1
 103 681 103 681 94 696 c 0,2,3
 88 706 88 706 88 715 c 256,4,5
 88 724 88 724 94.5 728.5 c 128,-1,6
 101 733 101 733 109 733 c 0,7,8
 127 733 127 733 136.5 718 c 128,-1,9
 146 703 146 703 146 678 c 0,10,11
 146 652 146 652 135.5 617.5 c 128,-1,12
 125 583 125 583 103.5 547 c 128,-1,13
 82 511 82 511 50 476 c 128,-1,14
 18 441 18 441 -25 414 c 128,-1,15
 -68 387 -68 387 -122.5 370 c 128,-1,16
 -177 353 -177 353 -242 353 c 0,17,18
 -285 353 -285 353 -316.5 364 c 128,-1,19
 -348 375 -348 375 -369 394.5 c 128,-1,20
 -390 414 -390 414 -400 440.5 c 128,-1,21
 -410 467 -410 467 -410 498 c 0,22,23
 -410 541 -410 541 -391 591 c 128,-1,24
 -372 641 -372 641 -335 690 c 128,-1,25
 -298 739 -298 739 -244 784 c 128,-1,26
 -190 829 -190 829 -119.5 863.5 c 128,-1,27
 -49 898 -49 898 37 918.5 c 128,-1,28
 123 939 123 939 223 939 c 0,29,30
 305 939 305 939 381.5 927.5 c 128,-1,31
 458 916 458 916 536 902 c 128,-1,32
 614 888 614 888 698 876.5 c 128,-1,33
 782 865 782 865 880 865 c 0,34,35
 916 865 916 865 947 867 c 128,-1,36
 978 869 978 869 1000.5 875 c 128,-1,37
 1023 881 1023 881 1037.5 892 c 128,-1,38
 1052 903 1052 903 1055 920 c 0,39,40
 1057 931 1057 931 1063 936 c 128,-1,41
 1069 941 1069 941 1076 941 c 0,42,43
 1084 941 1084 941 1090 935.5 c 128,-1,44
 1096 930 1096 930 1096 919 c 0,45,46
 1096 907 1096 907 1080 891 c 128,-1,47
 1064 875 1064 875 1021 861 c 128,-1,48
 978 847 978 847 904 837.5 c 128,-1,49
 830 828 830 828 715 828 c 0,50,51
 673 828 673 828 611.5 832.5 c 128,-1,52
 550 837 550 837 479 844 c 1,53,54
 441 764 441 764 353.5 571 c 128,-1,55
 266 378 266 378 139 62 c 0,56,57
 137 57 137 57 136 53.5 c 128,-1,58
 135 50 135 50 135 46 c 0,59,60
 135 32 135 32 146.5 25 c 128,-1,61
 158 18 158 18 175 16 c 0,62,63
 181 15 181 15 186.5 15 c 128,-1,64
 192 15 192 15 202 15 c 0,65,66
 207 15 207 15 207 7 c 0,67,68
 207 3 207 3 204.5 -0.5 c 128,-1,69
 202 -4 202 -4 197 -4 c 0,70,71
 193 -4 193 -4 182 -3.5 c 128,-1,72
 171 -3 171 -3 156 -2 c 128,-1,73
 141 -1 141 -1 123.5 -0.5 c 128,-1,74
 106 0 106 0 90 0 c 0,75,76
 78 0 78 0 61 0 c 128,-1,77
 44 0 44 0 28 -0.5 c 128,-1,78
 12 -1 12 -1 -0.5 -1.5 c 128,-1,79
 -13 -2 -13 -2 -16 -2 c 0,80,81
 -22 -2 -22 -2 -22 1 c 128,-1,82
 -22 4 -22 4 -23 7 c 0,83,84
 -23 10 -23 10 -21.5 13.5 c 128,-1,85
 -20 17 -20 17 -15 18 c 0,86,87
 5 18 5 18 18.5 22 c 128,-1,88
 32 26 32 26 41.5 33.5 c 128,-1,89
 51 41 51 41 58.5 53 c 128,-1,90
 66 65 66 65 74 82 c 0,91,92
 78 90 78 90 97 133.5 c 128,-1,93
 116 177 116 177 144 241.5 c 128,-1,94
 172 306 172 306 207 386 c 128,-1,95
 242 466 242 466 278 549 c 128,-1,96
 314 632 314 632 348 710.5 c 128,-1,97
 382 789 382 789 409 851 c 1,98,99
 324 859 324 859 243.5 866 c 128,-1,100
 163 873 163 873 102 873 c 0,101,102
 27 873 27 873 -35 857 c 128,-1,103
 -97 841 -97 841 -146.5 814 c 128,-1,104
 -196 787 -196 787 -233 751.5 c 128,-1,105
 -270 716 -270 716 -294.5 676.5 c 128,-1,106
 -319 637 -319 637 -331 597 c 128,-1,107
 -343 557 -343 557 -343 520 c 0,108,109
 -343 489 -343 489 -334.5 462.5 c 128,-1,110
 -326 436 -326 436 -309.5 416.5 c 128,-1,111
 -293 397 -293 397 -267.5 386 c 128,-1,112
 -242 375 -242 375 -209 375 c 0,113,114
 -159 375 -159 375 -104 396.5 c 128,-1,115
 -49 418 -49 418 -3 456 c 128,-1,116
 43 494 43 494 73 546 c 128,-1,117
 103 598 103 598 103 659 c 0,0,1
EndSplineSet
