Width: 648
Flags: W
LayerCount: 2
Fore
SplineSet
742 724 m 0,0,1
 742 736 742 736 726 736 c 0,2,3
 720 736 720 736 716 735 c 0,4,5
 707 735 707 735 707 745 c 0,6,7
 707 753 707 753 715 754 c 0,8,9
 722 756 722 756 742.5 763 c 128,-1,10
 763 770 763 770 783 778 c 256,11,12
 803 786 803 786 826 798 c 128,-1,13
 849 810 849 810 863 821 c 0,14,15
 868 825 868 825 872 825 c 256,16,17
 876 825 876 825 877 822 c 128,-1,18
 878 819 878 819 878 816 c 0,19,20
 878 810 878 810 877 809 c 0,21,22
 867 801 867 801 858 792.5 c 128,-1,23
 849 784 849 784 838 761 c 0,24,25
 832 748 832 748 817.5 719 c 128,-1,26
 803 690 803 690 776 631 c 128,-1,27
 749 572 749 572 706.5 476.5 c 128,-1,28
 664 381 664 381 601 236 c 0,29,30
 591 213 591 213 573.5 177 c 128,-1,31
 556 141 556 141 538.5 97 c 128,-1,32
 521 53 521 53 508 5 c 128,-1,33
 495 -43 495 -43 495 -90 c 0,34,35
 495 -117 495 -117 505 -138.5 c 128,-1,36
 515 -160 515 -160 530.5 -174 c 128,-1,37
 546 -188 546 -188 565.5 -195.5 c 128,-1,38
 585 -203 585 -203 604 -203 c 0,39,40
 627 -203 627 -203 646 -191.5 c 128,-1,41
 665 -180 665 -180 673 -157 c 0,42,43
 678 -143 678 -143 686.5 -137 c 128,-1,44
 695 -131 695 -131 703 -131 c 256,45,46
 711 -131 711 -131 716 -136 c 128,-1,47
 721 -141 721 -141 721 -149 c 0,48,49
 721 -164 721 -164 712 -177 c 128,-1,50
 703 -190 703 -190 687.5 -199.5 c 128,-1,51
 672 -209 672 -209 652 -214 c 128,-1,52
 632 -219 632 -219 610 -219 c 0,53,54
 582 -219 582 -219 554 -209.5 c 128,-1,55
 526 -200 526 -200 503 -178 c 128,-1,56
 480 -156 480 -156 465.5 -121.5 c 128,-1,57
 451 -87 451 -87 451 -36 c 0,58,59
 451 2 451 2 461 48.5 c 128,-1,60
 471 95 471 95 494 152 c 1,61,62
 488 152 488 152 485 148 c 0,63,64
 456 112 456 112 420 81 c 128,-1,65
 384 50 384 50 345 26.5 c 128,-1,66
 306 3 306 3 266.5 -10 c 128,-1,67
 227 -23 227 -23 193 -23 c 0,68,69
 167 -23 167 -23 145.5 -15 c 128,-1,70
 124 -7 124 -7 108 10.5 c 128,-1,71
 92 28 92 28 83 56 c 128,-1,72
 74 84 74 84 74 124 c 0,73,74
 74 155 74 155 87.5 198 c 128,-1,75
 101 241 101 241 123 291.5 c 128,-1,76
 145 342 145 342 173.5 396.5 c 128,-1,77
 202 451 202 451 231 505.5 c 128,-1,78
 260 560 260 560 288.5 611.5 c 128,-1,79
 317 663 317 663 339 707 c 128,-1,80
 361 751 361 751 374.5 784.5 c 128,-1,81
 388 818 388 818 388 837 c 0,82,83
 388 879 388 879 359.5 899.5 c 128,-1,84
 331 920 331 920 286 920 c 0,85,86
 239 920 239 920 182 897.5 c 128,-1,87
 125 875 125 875 76 831.5 c 128,-1,88
 27 788 27 788 -6 725.5 c 128,-1,89
 -39 663 -39 663 -39 582 c 0,90,91
 -39 534 -39 534 -20 512.5 c 128,-1,92
 -1 491 -1 491 25 491 c 0,93,94
 42 491 42 491 60 500 c 128,-1,95
 78 509 78 509 92.5 525 c 128,-1,96
 107 541 107 541 116.5 563.5 c 128,-1,97
 126 586 126 586 126 613 c 0,98,99
 126 628 126 628 135 637.5 c 128,-1,100
 144 647 144 647 154 647 c 0,101,102
 161 647 161 647 166 641.5 c 128,-1,103
 171 636 171 636 171 623 c 0,104,105
 171 588 171 588 154.5 559 c 128,-1,106
 138 530 138 530 112 509.5 c 128,-1,107
 86 489 86 489 54.5 478 c 128,-1,108
 23 467 23 467 -7 467 c 0,109,110
 -48 467 -48 467 -77.5 490 c 128,-1,111
 -107 513 -107 513 -107 564 c 0,112,113
 -107 621 -107 621 -87.5 671 c 128,-1,114
 -68 721 -68 721 -35 763.5 c 128,-1,115
 -2 806 -2 806 40.5 839 c 128,-1,116
 83 872 83 872 129.5 895.5 c 128,-1,117
 176 919 176 919 223 931 c 128,-1,118
 270 943 270 943 311 943 c 0,119,120
 370 943 370 943 408.5 916.5 c 128,-1,121
 447 890 447 890 447 833 c 0,122,123
 447 787 447 787 425.5 728.5 c 128,-1,124
 404 670 404 670 372 606 c 128,-1,125
 340 542 340 542 302.5 475 c 128,-1,126
 265 408 265 408 233 344.5 c 128,-1,127
 201 281 201 281 179.5 224 c 128,-1,128
 158 167 158 167 158 123 c 0,129,130
 158 72 158 72 182 48.5 c 128,-1,131
 206 25 206 25 244 25 c 0,132,133
 276 25 276 25 315.5 41 c 128,-1,134
 355 57 355 57 395.5 88 c 128,-1,135
 436 119 436 119 475 164 c 128,-1,136
 514 209 514 209 545 266 c 1,137,138
 566 315 566 315 590 371 c 128,-1,139
 614 427 614 427 639.5 485.5 c 128,-1,140
 665 544 665 544 690.5 602 c 128,-1,141
 716 660 716 660 739 713 c 0,142,143
 739 715 739 715 740 717 c 0,144,145
 742 721 742 721 742 724 c 0,0,1
EndSplineSet
