Width: 460
Flags: W
LayerCount: 2
Fore
SplineSet
-69 910 m 0,0,1
 -134 910 -134 910 -181.5 886.5 c 128,-1,2
 -229 863 -229 863 -260.5 826 c 128,-1,3
 -292 789 -292 789 -307 742.5 c 128,-1,4
 -322 696 -322 696 -322 651 c 0,5,6
 -322 616 -322 616 -313 584 c 128,-1,7
 -304 552 -304 552 -286.5 527.5 c 128,-1,8
 -269 503 -269 503 -243 488.5 c 128,-1,9
 -217 474 -217 474 -183 474 c 0,10,11
 -146 474 -146 474 -120 485 c 128,-1,12
 -94 496 -94 496 -77.5 512.5 c 128,-1,13
 -61 529 -61 529 -53.5 549 c 128,-1,14
 -46 569 -46 569 -46 588 c 0,15,16
 -46 610 -46 610 -55 625 c 0,17,18
 -61 635 -61 635 -61 644 c 256,19,20
 -61 653 -61 653 -54.5 657.5 c 128,-1,21
 -48 662 -48 662 -40 662 c 0,22,23
 -23 662 -23 662 -15 650 c 128,-1,24
 -7 638 -7 638 -7 619 c 0,25,26
 -7 596 -7 596 -19 568 c 128,-1,27
 -31 540 -31 540 -54.5 515 c 128,-1,28
 -78 490 -78 490 -113 473 c 128,-1,29
 -148 456 -148 456 -195 456 c 0,30,31
 -243 456 -243 456 -278.5 471.5 c 128,-1,32
 -314 487 -314 487 -338 513 c 128,-1,33
 -362 539 -362 539 -374 573 c 128,-1,34
 -386 607 -386 607 -386 645 c 0,35,36
 -386 694 -386 694 -365.5 744.5 c 128,-1,37
 -345 795 -345 795 -303.5 835.5 c 128,-1,38
 -262 876 -262 876 -200.5 902 c 128,-1,39
 -139 928 -139 928 -56 928 c 0,40,41
 35 928 35 928 92.5 892 c 128,-1,42
 150 856 150 856 181.5 795 c 128,-1,43
 213 734 213 734 224.5 653 c 128,-1,44
 236 572 236 572 236 482 c 0,45,46
 236 377 236 377 227.5 269 c 128,-1,47
 219 161 219 161 216 63 c 0,48,49
 216 61 216 61 217 59 c 0,50,51
 219 55 219 55 222 55 c 0,52,53
 322 200 322 200 421.5 335.5 c 128,-1,54
 521 471 521 471 620 589 c 128,-1,55
 719 707 719 707 819 804.5 c 128,-1,56
 919 902 919 902 1020.5 971.5 c 128,-1,57
 1122 1041 1122 1041 1225.5 1079.5 c 128,-1,58
 1329 1118 1329 1118 1436 1118 c 0,59,60
 1471 1118 1471 1118 1497.5 1108.5 c 128,-1,61
 1524 1099 1524 1099 1542 1083 c 128,-1,62
 1560 1067 1560 1067 1569.5 1047.5 c 128,-1,63
 1579 1028 1579 1028 1579 1007 c 0,64,65
 1579 975 1579 975 1566 952 c 128,-1,66
 1553 929 1553 929 1532 913 c 128,-1,67
 1511 897 1511 897 1485 889.5 c 128,-1,68
 1459 882 1459 882 1434 882 c 0,69,70
 1396 882 1396 882 1367.5 899 c 128,-1,71
 1339 916 1339 916 1339 950 c 0,72,73
 1339 961 1339 961 1345.5 968 c 128,-1,74
 1352 975 1352 975 1365 975 c 0,75,76
 1372 975 1372 975 1378.5 971.5 c 128,-1,77
 1385 968 1385 968 1387 960 c 0,78,79
 1396 929 1396 929 1414.5 914.5 c 128,-1,80
 1433 900 1433 900 1454 900 c 0,81,82
 1469 900 1469 900 1483 907 c 128,-1,83
 1497 914 1497 914 1508.5 927 c 128,-1,84
 1520 940 1520 940 1527 958.5 c 128,-1,85
 1534 977 1534 977 1534 1001 c 0,86,87
 1534 1019 1534 1019 1527 1036 c 128,-1,88
 1520 1053 1520 1053 1505 1066.5 c 128,-1,89
 1490 1080 1490 1080 1467.5 1088.5 c 128,-1,90
 1445 1097 1445 1097 1415 1097 c 0,91,92
 1363 1097 1363 1097 1297 1080 c 128,-1,93
 1231 1063 1231 1063 1148.5 1017 c 128,-1,94
 1066 971 1066 971 965.5 890 c 128,-1,95
 865 809 865 809 744.5 681 c 128,-1,96
 624 553 624 553 481.5 372 c 128,-1,97
 339 191 339 191 172 -55 c 0,98,99
 169 -59 169 -59 159 -64 c 128,-1,100
 149 -69 149 -69 141 -69 c 0,101,102
 129 -69 129 -69 129 -57 c 0,103,104
 129 -54 129 -54 131 -46 c 0,105,106
 134 -34 134 -34 137.5 -3 c 128,-1,107
 141 28 141 28 143 69 c 0,108,109
 144 102 144 102 147 144.5 c 128,-1,110
 150 187 150 187 153 235.5 c 128,-1,111
 156 284 156 284 158.5 336 c 128,-1,112
 161 388 161 388 161 441 c 0,113,114
 161 529 161 529 152 613 c 128,-1,115
 143 697 143 697 117.5 763 c 128,-1,116
 92 829 92 829 47.5 869.5 c 128,-1,117
 3 910 3 910 -69 910 c 0,0,1
EndSplineSet
