Width: 857
Flags: W
LayerCount: 2
Fore
SplineSet
1434 892 m 0,0,1
 1365 892 1365 892 1299.5 877.5 c 128,-1,2
 1234 863 1234 863 1173.5 837.5 c 128,-1,3
 1113 812 1113 812 1057.5 776.5 c 128,-1,4
 1002 741 1002 741 952 699 c 1,5,6
 952 691 952 691 952.5 682 c 128,-1,7
 953 673 953 673 953 669 c 0,8,9
 953 602 953 602 937 523 c 128,-1,10
 921 444 921 444 892.5 364.5 c 128,-1,11
 864 285 864 285 825.5 211 c 128,-1,12
 787 137 787 137 742.5 80 c 128,-1,13
 698 23 698 23 649.5 -11 c 128,-1,14
 601 -45 601 -45 553 -45 c 0,15,16
 516 -45 516 -45 499 -22 c 128,-1,17
 482 1 482 1 482 42 c 0,18,19
 482 95 482 95 510 171.5 c 128,-1,20
 538 248 538 248 589.5 333.5 c 128,-1,21
 641 419 641 419 713.5 507 c 128,-1,22
 786 595 786 595 876 672 c 1,23,24
 874 749 874 749 852.5 797 c 128,-1,25
 831 845 831 845 785 845 c 0,26,27
 724 845 724 845 658 808 c 128,-1,28
 592 771 592 771 526 711 c 1,29,30
 529 693 529 693 531 674 c 128,-1,31
 533 655 533 655 533 635 c 0,32,33
 533 565 533 565 515.5 487.5 c 128,-1,34
 498 410 498 410 467 335 c 128,-1,35
 436 260 436 260 395.5 192.5 c 128,-1,36
 355 125 355 125 308 74 c 128,-1,37
 261 23 261 23 211.5 -7.5 c 128,-1,38
 162 -38 162 -38 114 -38 c 0,39,40
 81 -38 81 -38 66 -19 c 128,-1,41
 51 0 51 0 51 34 c 0,42,43
 51 85 51 85 83 163.5 c 128,-1,44
 115 242 115 242 169 330.5 c 128,-1,45
 223 419 223 419 295.5 509.5 c 128,-1,46
 368 600 368 600 449 675 c 1,47,48
 445 723 445 723 432 764 c 128,-1,49
 419 805 419 805 396 835 c 128,-1,50
 373 865 373 865 339.5 882 c 128,-1,51
 306 899 306 899 261 899 c 0,52,53
 188 899 188 899 130.5 867 c 128,-1,54
 73 835 73 835 33 786.5 c 128,-1,55
 -7 738 -7 738 -28 681 c 128,-1,56
 -49 624 -49 624 -49 574 c 0,57,58
 -49 547 -49 547 -42.5 523 c 128,-1,59
 -36 499 -36 499 -22.5 481.5 c 128,-1,60
 -9 464 -9 464 11 454 c 128,-1,61
 31 444 31 444 59 444 c 0,62,63
 83 444 83 444 105.5 453.5 c 128,-1,64
 128 463 128 463 146 481 c 128,-1,65
 164 499 164 499 175 524.5 c 128,-1,66
 186 550 186 550 187 582 c 0,67,68
 188 598 188 598 196.5 606 c 128,-1,69
 205 614 205 614 215 614 c 0,70,71
 223 614 223 614 228.5 609 c 128,-1,72
 234 604 234 604 235 593 c 0,73,74
 235 559 235 559 216.5 528 c 128,-1,75
 198 497 198 497 168.5 473 c 128,-1,76
 139 449 139 449 102 434.5 c 128,-1,77
 65 420 65 420 28 420 c 0,78,79
 -4 420 -4 420 -28 432 c 128,-1,80
 -52 444 -52 444 -68 464.5 c 128,-1,81
 -84 485 -84 485 -92 513 c 128,-1,82
 -100 541 -100 541 -100 573 c 0,83,84
 -100 628 -100 628 -76.5 689 c 128,-1,85
 -53 750 -53 750 -7 801 c 128,-1,86
 39 852 39 852 108 885.5 c 128,-1,87
 177 919 177 919 268 919 c 0,88,89
 324 919 324 919 366.5 905.5 c 128,-1,90
 409 892 409 892 440 868 c 128,-1,91
 471 844 471 844 491 810.5 c 128,-1,92
 511 777 511 777 521 737 c 1,93,94
 596 797 596 797 672 832.5 c 128,-1,95
 748 868 748 868 819 868 c 0,96,97
 877 868 877 868 908 830.5 c 128,-1,98
 939 793 939 793 949 730 c 1,99,100
 1057 809 1057 809 1180 858.5 c 128,-1,101
 1303 908 1303 908 1438 908 c 0,102,103
 1505 908 1505 908 1550.5 895.5 c 128,-1,104
 1596 883 1596 883 1623.5 862.5 c 128,-1,105
 1651 842 1651 842 1663 817 c 128,-1,106
 1675 792 1675 792 1675 768 c 0,107,108
 1675 749 1675 749 1668.5 731.5 c 128,-1,109
 1662 714 1662 714 1651.5 700.5 c 128,-1,110
 1641 687 1641 687 1627.5 679 c 128,-1,111
 1614 671 1614 671 1599 671 c 0,112,113
 1585 671 1585 671 1578 678 c 128,-1,114
 1571 685 1571 685 1571 694 c 256,115,116
 1571 703 1571 703 1577.5 710.5 c 128,-1,117
 1584 718 1584 718 1598 720 c 0,118,119
 1624 722 1624 722 1638.5 737 c 128,-1,120
 1653 752 1653 752 1653 773 c 0,121,122
 1653 792 1653 792 1640.5 813 c 128,-1,123
 1628 834 1628 834 1601 851.5 c 128,-1,124
 1574 869 1574 869 1532.5 880.5 c 128,-1,125
 1491 892 1491 892 1434 892 c 0,0,1
109 27 m 256,126,127
 109 -13 109 -13 138 -13 c 0,128,129
 176 -13 176 -13 214 15.5 c 128,-1,130
 252 44 252 44 287 92.5 c 128,-1,131
 322 141 322 141 352 205 c 128,-1,132
 382 269 382 269 404 339.5 c 128,-1,133
 426 410 426 410 438.5 483.5 c 128,-1,134
 451 557 451 557 451 624 c 2,135,-1
 451 635 l 1,136,137
 381 558 381 558 319 468.5 c 128,-1,138
 257 379 257 379 210.5 294 c 128,-1,139
 164 209 164 209 136.5 138 c 128,-1,140
 109 67 109 67 109 27 c 256,126,127
544 30 m 0,141,142
 544 -20 544 -20 574 -20 c 0,143,144
 611 -20 611 -20 647 10 c 128,-1,145
 683 40 683 40 715.5 91 c 128,-1,146
 748 142 748 142 776 208 c 128,-1,147
 804 274 804 274 825 346 c 128,-1,148
 846 418 846 418 859 491 c 128,-1,149
 872 564 872 564 875 628 c 1,150,151
 797 549 797 549 735.5 461.5 c 128,-1,152
 674 374 674 374 631.5 292 c 128,-1,153
 589 210 589 210 566.5 141 c 128,-1,154
 544 72 544 72 544 30 c 0,141,142
EndSplineSet
