Width: 1158
Flags: W
LayerCount: 2
Fore
SplineSet
1411 1050 m 0,0,1
 1485 1050 1485 1050 1517 1026 c 128,-1,2
 1549 1002 1549 1002 1549 968 c 0,3,4
 1549 928 1549 928 1524 891.5 c 128,-1,5
 1499 855 1499 855 1461 827 c 128,-1,6
 1423 799 1423 799 1379 782.5 c 128,-1,7
 1335 766 1335 766 1297 766 c 256,8,9
 1259 766 1259 766 1233 785.5 c 128,-1,10
 1207 805 1207 805 1207 850 c 0,11,12
 1207 863 1207 863 1211 877.5 c 128,-1,13
 1215 892 1215 892 1222 904 c 128,-1,14
 1229 916 1229 916 1239 924 c 128,-1,15
 1249 932 1249 932 1262 932 c 256,16,17
 1275 932 1275 932 1279.5 928.5 c 128,-1,18
 1284 925 1284 925 1284 919 c 0,19,20
 1284 911 1284 911 1280.5 902.5 c 128,-1,21
 1277 894 1277 894 1272.5 884 c 128,-1,22
 1268 874 1268 874 1264.5 862 c 128,-1,23
 1261 850 1261 850 1261 836 c 0,24,25
 1261 809 1261 809 1275.5 797 c 128,-1,26
 1290 785 1290 785 1313 785 c 0,27,28
 1338 785 1338 785 1368 798 c 128,-1,29
 1398 811 1398 811 1424 834 c 128,-1,30
 1450 857 1450 857 1467.5 888.5 c 128,-1,31
 1485 920 1485 920 1485 956 c 0,32,33
 1485 987 1485 987 1465 1008 c 128,-1,34
 1445 1029 1445 1029 1398 1029 c 0,35,36
 1331 1029 1331 1029 1268.5 1006.5 c 128,-1,37
 1206 984 1206 984 1149.5 945 c 128,-1,38
 1093 906 1093 906 1043 852.5 c 128,-1,39
 993 799 993 799 951 737.5 c 128,-1,40
 909 676 909 676 875.5 609 c 128,-1,41
 842 542 842 542 819 475 c 1,42,-1
 885 475 l 2,43,44
 892 475 892 475 897.5 469 c 128,-1,45
 903 463 903 463 903 456 c 0,46,47
 903 444 903 444 885 444 c 2,48,-1
 809 444 l 1,49,50
 790 385 790 385 780.5 329 c 128,-1,51
 771 273 771 273 771 224 c 0,52,53
 771 178 771 178 780 139.5 c 128,-1,54
 789 101 789 101 807.5 73 c 128,-1,55
 826 45 826 45 855 29.5 c 128,-1,56
 884 14 884 14 924 14 c 0,57,58
 971 14 971 14 1006 30 c 128,-1,59
 1041 46 1041 46 1064.5 70 c 128,-1,60
 1088 94 1088 94 1099.5 122 c 128,-1,61
 1111 150 1111 150 1111 173 c 0,62,63
 1111 195 1111 195 1100.5 209.5 c 128,-1,64
 1090 224 1090 224 1069 224 c 0,65,66
 1058 224 1058 224 1046 220.5 c 128,-1,67
 1034 217 1034 217 1020 206 c 0,68,69
 999 189 999 189 984 189 c 0,70,71
 974 189 974 189 969 195 c 128,-1,72
 964 201 964 201 964 209 c 0,73,74
 964 224 964 224 981.5 240.5 c 128,-1,75
 999 257 999 257 1037 257 c 0,76,77
 1085 257 1085 257 1107 231.5 c 128,-1,78
 1129 206 1129 206 1129 169 c 0,79,80
 1129 137 1129 137 1113 101 c 128,-1,81
 1097 65 1097 65 1066.5 34.5 c 128,-1,82
 1036 4 1036 4 992.5 -16 c 128,-1,83
 949 -36 949 -36 894 -36 c 0,84,85
 842 -36 842 -36 804.5 -19 c 128,-1,86
 767 -2 767 -2 743 28 c 128,-1,87
 719 58 719 58 708 99.5 c 128,-1,88
 697 141 697 141 697 191 c 0,89,90
 697 237 697 237 706 290 c 1,91,92
 665 223 665 223 612 164 c 128,-1,93
 559 105 559 105 495.5 60.5 c 128,-1,94
 432 16 432 16 359 -10 c 128,-1,95
 286 -36 286 -36 205 -36 c 0,96,97
 146 -36 146 -36 103 -20.5 c 128,-1,98
 60 -5 60 -5 31 20.5 c 128,-1,99
 2 46 2 46 -12 79.5 c 128,-1,100
 -26 113 -26 113 -26 149 c 0,101,102
 -26 191 -26 191 -7.5 232.5 c 128,-1,103
 11 274 11 274 48 307 c 128,-1,104
 85 340 85 340 139 360.5 c 128,-1,105
 193 381 193 381 265 381 c 0,106,107
 308 381 308 381 339 370.5 c 128,-1,108
 370 360 370 360 390.5 342 c 128,-1,109
 411 324 411 324 420.5 301 c 128,-1,110
 430 278 430 278 430 254 c 0,111,112
 430 227 430 227 419 200.5 c 128,-1,113
 408 174 408 174 387 153.5 c 128,-1,114
 366 133 366 133 335.5 120 c 128,-1,115
 305 107 305 107 266 107 c 0,116,117
 228 107 228 107 202 126.5 c 128,-1,118
 176 146 176 146 176 191 c 0,119,120
 176 204 176 204 180 218.5 c 128,-1,121
 184 233 184 233 191 245 c 128,-1,122
 198 257 198 257 208 265 c 128,-1,123
 218 273 218 273 231 273 c 256,124,125
 244 273 244 273 248.5 269.5 c 128,-1,126
 253 266 253 266 253 260 c 0,127,128
 253 252 253 252 249.5 243.5 c 128,-1,129
 246 235 246 235 241.5 225 c 128,-1,130
 237 215 237 215 233.5 203 c 128,-1,131
 230 191 230 191 230 177 c 0,132,133
 230 150 230 150 244.5 138 c 128,-1,134
 259 126 259 126 282 126 c 0,135,136
 308 126 308 126 328 135.5 c 128,-1,137
 348 145 348 145 361.5 160 c 128,-1,138
 375 175 375 175 382 195 c 128,-1,139
 389 215 389 215 389 236 c 0,140,141
 389 259 389 259 380.5 281.5 c 128,-1,142
 372 304 372 304 355 322 c 128,-1,143
 338 340 338 340 312.5 351 c 128,-1,144
 287 362 287 362 252 362 c 0,145,146
 197 362 197 362 155.5 344.5 c 128,-1,147
 114 327 114 327 86 299 c 128,-1,148
 58 271 58 271 44 235 c 128,-1,149
 30 199 30 199 30 163 c 0,150,151
 30 130 30 130 41.5 99 c 128,-1,152
 53 68 53 68 76.5 44.5 c 128,-1,153
 100 21 100 21 135 6.5 c 128,-1,154
 170 -8 170 -8 218 -8 c 0,155,156
 297 -8 297 -8 370.5 31.5 c 128,-1,157
 444 71 444 71 507 135 c 128,-1,158
 570 199 570 199 620.5 280.5 c 128,-1,159
 671 362 671 362 704 446 c 1,160,-1
 628 446 l 2,161,162
 619 447 619 447 613 453 c 128,-1,163
 607 459 607 459 607 466 c 0,164,165
 607 471 607 471 611 474.5 c 128,-1,166
 615 478 615 478 626 478 c 0,167,168
 632 478 632 478 658.5 477.5 c 128,-1,169
 685 477 685 477 715 476 c 1,170,171
 734 532 734 532 744.5 584.5 c 128,-1,172
 755 637 755 637 755 685 c 0,173,174
 755 728 755 728 746 763.5 c 128,-1,175
 737 799 737 799 718 825 c 128,-1,176
 699 851 699 851 669.5 865.5 c 128,-1,177
 640 880 640 880 598 880 c 0,178,179
 549 880 549 880 506.5 865 c 128,-1,180
 464 850 464 850 428.5 824.5 c 128,-1,181
 393 799 393 799 365 766 c 128,-1,182
 337 733 337 733 318 697.5 c 128,-1,183
 299 662 299 662 289 626.5 c 128,-1,184
 279 591 279 591 279 561 c 0,185,186
 279 521 279 521 297.5 495 c 128,-1,187
 316 469 316 469 355 469 c 0,188,189
 379 469 379 469 399.5 480.5 c 128,-1,190
 420 492 420 492 434.5 509.5 c 128,-1,191
 449 527 449 527 457.5 547.5 c 128,-1,192
 466 568 466 568 468 586 c 0,193,194
 471 620 471 620 482.5 634 c 128,-1,195
 494 648 494 648 506 648 c 0,196,197
 517 648 517 648 524.5 639.5 c 128,-1,198
 532 631 532 631 532 616 c 0,199,200
 532 595 532 595 516 567 c 128,-1,201
 500 539 500 539 472.5 513 c 128,-1,202
 445 487 445 487 409 469 c 128,-1,203
 373 451 373 451 333 451 c 0,204,205
 267 451 267 451 237.5 479.5 c 128,-1,206
 208 508 208 508 208 553 c 0,207,208
 208 586 208 586 222.5 624.5 c 128,-1,209
 237 663 237 663 263.5 701 c 128,-1,210
 290 739 290 739 327 774.5 c 128,-1,211
 364 810 364 810 409 837 c 128,-1,212
 454 864 454 864 505 880.5 c 128,-1,213
 556 897 556 897 611 897 c 256,214,215
 666 897 666 897 705.5 878.5 c 128,-1,216
 745 860 745 860 770.5 827.5 c 128,-1,217
 796 795 796 795 808.5 751 c 128,-1,218
 821 707 821 707 821 655 c 0,219,220
 821 639 821 639 820 623.5 c 128,-1,221
 819 608 819 608 817 591 c 1,222,223
 866 681 866 681 931 764 c 128,-1,224
 996 847 996 847 1072.5 910.5 c 128,-1,225
 1149 974 1149 974 1235 1012 c 128,-1,226
 1321 1050 1321 1050 1411 1050 c 0,0,1
EndSplineSet
