Width: 991
Flags: W
LayerCount: 2
Fore
SplineSet
995 528 m 0,0,1
 998 534 998 534 998 539 c 0,2,3
 998 551 998 551 982 551 c 0,4,5
 976 551 976 551 972 550 c 0,6,7
 963 550 963 550 963 560 c 0,8,9
 963 568 963 568 971 569 c 0,10,11
 978 571 978 571 998.5 578 c 128,-1,12
 1019 585 1019 585 1039 593 c 256,13,14
 1059 601 1059 601 1082 613 c 128,-1,15
 1105 625 1105 625 1119 636 c 0,16,17
 1124 640 1124 640 1128 640 c 256,18,19
 1132 640 1132 640 1133 637 c 128,-1,20
 1134 634 1134 634 1134 631 c 0,21,22
 1134 625 1134 625 1133 624 c 0,23,24
 1123 616 1123 616 1114 607.5 c 128,-1,25
 1105 599 1105 599 1094 576 c 0,26,27
 1044 475 1044 475 995 357 c 128,-1,28
 946 239 946 239 890.5 121 c 128,-1,29
 835 3 835 3 771 -106 c 128,-1,30
 707 -215 707 -215 627.5 -299.5 c 128,-1,31
 548 -384 548 -384 450 -434.5 c 128,-1,32
 352 -485 352 -485 229 -485 c 0,33,34
 173 -485 173 -485 125 -472 c 128,-1,35
 77 -459 77 -459 42 -436.5 c 128,-1,36
 7 -414 7 -414 -12.5 -384 c 128,-1,37
 -32 -354 -32 -354 -32 -321 c 0,38,39
 -32 -290 -32 -290 -15.5 -259 c 128,-1,40
 1 -228 1 -228 34.5 -204 c 128,-1,41
 68 -180 68 -180 119.5 -165 c 128,-1,42
 171 -150 171 -150 242 -150 c 0,43,44
 284 -150 284 -150 321 -159 c 128,-1,45
 358 -168 358 -168 385.5 -181.5 c 128,-1,46
 413 -195 413 -195 428.5 -211.5 c 128,-1,47
 444 -228 444 -228 444 -242 c 0,48,49
 444 -259 444 -259 436 -269.5 c 128,-1,50
 428 -280 428 -280 418 -280 c 0,51,52
 404 -280 404 -280 398 -262 c 0,53,54
 390 -239 390 -239 373 -222 c 128,-1,55
 356 -205 356 -205 333.5 -193.5 c 128,-1,56
 311 -182 311 -182 284.5 -176 c 128,-1,57
 258 -170 258 -170 231 -170 c 0,58,59
 182 -170 182 -170 148 -182.5 c 128,-1,60
 114 -195 114 -195 92.5 -215 c 128,-1,61
 71 -235 71 -235 61 -262 c 128,-1,62
 51 -289 51 -289 51 -317 c 0,63,64
 51 -346 51 -346 65.5 -372 c 128,-1,65
 80 -398 80 -398 106 -417 c 128,-1,66
 132 -436 132 -436 168 -447 c 128,-1,67
 204 -458 204 -458 247 -458 c 0,68,69
 326 -458 326 -458 395 -427 c 128,-1,70
 464 -396 464 -396 522.5 -345 c 128,-1,71
 581 -294 581 -294 629.5 -229 c 128,-1,72
 678 -164 678 -164 716.5 -96 c 128,-1,73
 755 -28 755 -28 783.5 36.5 c 128,-1,74
 812 101 812 101 831 152 c 1,75,76
 825 152 825 152 822 148 c 0,77,78
 793 112 793 112 757 81 c 128,-1,79
 721 50 721 50 682 26.5 c 128,-1,80
 643 3 643 3 603.5 -10 c 128,-1,81
 564 -23 564 -23 530 -23 c 0,82,83
 504 -23 504 -23 482.5 -15 c 128,-1,84
 461 -7 461 -7 445 10.5 c 128,-1,85
 429 28 429 28 420 56 c 128,-1,86
 411 84 411 84 411 124 c 0,87,88
 411 165 411 165 431.5 222 c 128,-1,89
 452 279 452 279 482 342.5 c 128,-1,90
 512 406 512 406 548 471 c 128,-1,91
 584 536 584 536 614 593.5 c 128,-1,92
 644 651 644 651 664.5 696.5 c 128,-1,93
 685 742 685 742 685 767 c 0,94,95
 685 837 685 837 643 864 c 128,-1,96
 601 891 601 891 526 891 c 0,97,98
 460 891 460 891 400.5 863.5 c 128,-1,99
 341 836 341 836 290 790.5 c 128,-1,100
 239 745 239 745 198.5 686 c 128,-1,101
 158 627 158 627 129 564.5 c 128,-1,102
 100 502 100 502 84.5 441 c 128,-1,103
 69 380 69 380 69 329 c 0,104,105
 69 269 69 269 92 231.5 c 128,-1,106
 115 194 115 194 165 194 c 0,107,108
 206 194 206 194 241 214 c 128,-1,109
 276 234 276 234 304.5 266.5 c 128,-1,110
 333 299 333 299 354.5 341 c 128,-1,111
 376 383 376 383 390.5 427 c 128,-1,112
 405 471 405 471 412.5 513.5 c 128,-1,113
 420 556 420 556 420 591 c 0,114,115
 420 599 420 599 420.5 608.5 c 128,-1,116
 421 618 421 618 423 626.5 c 128,-1,117
 425 635 425 635 430.5 640.5 c 128,-1,118
 436 646 436 646 445 646 c 0,119,120
 458 646 458 646 464.5 639.5 c 128,-1,121
 471 633 471 633 473.5 622.5 c 128,-1,122
 476 612 476 612 476.5 598 c 128,-1,123
 477 584 477 584 477 569 c 0,124,125
 475 533 475 533 462.5 489.5 c 128,-1,126
 450 446 450 446 428.5 402 c 128,-1,127
 407 358 407 358 377.5 317 c 128,-1,128
 348 276 348 276 312 244 c 128,-1,129
 276 212 276 212 234.5 192.5 c 128,-1,130
 193 173 193 173 147 173 c 0,131,132
 107 173 107 173 78 186.5 c 128,-1,133
 49 200 49 200 30 223.5 c 128,-1,134
 11 247 11 247 2 279 c 128,-1,135
 -7 311 -7 311 -7 349 c 0,136,137
 -7 403 -7 403 11 466 c 128,-1,138
 29 529 29 529 62.5 591 c 128,-1,139
 96 653 96 653 144 710.5 c 128,-1,140
 192 768 192 768 253 812 c 128,-1,141
 314 856 314 856 386.5 882.5 c 128,-1,142
 459 909 459 909 541 909 c 0,143,144
 564 909 564 909 598.5 902 c 128,-1,145
 633 895 633 895 665.5 878 c 128,-1,146
 698 861 698 861 721 833 c 128,-1,147
 744 805 744 805 744 763 c 0,148,149
 744 717 744 717 725.5 664 c 128,-1,150
 707 611 707 611 679.5 554.5 c 128,-1,151
 652 498 652 498 619.5 440 c 128,-1,152
 587 382 587 382 559.5 326 c 128,-1,153
 532 270 532 270 513.5 218.5 c 128,-1,154
 495 167 495 167 495 123 c 0,155,156
 495 72 495 72 519 48.5 c 128,-1,157
 543 25 543 25 581 25 c 0,158,159
 613 25 613 25 652.5 41 c 128,-1,160
 692 57 692 57 732.5 88 c 128,-1,161
 773 119 773 119 812 164 c 128,-1,162
 851 209 851 209 882 266 c 0,163,164
 896 298 896 298 905.5 320.5 c 128,-1,165
 915 343 915 343 922.5 360.5 c 128,-1,166
 930 378 930 378 936.5 393 c 128,-1,167
 943 408 943 408 950.5 426.5 c 128,-1,168
 958 445 958 445 968.5 469 c 128,-1,169
 979 493 979 493 995 528 c 0,0,1
EndSplineSet
