Width: 432
Flags: W
LayerCount: 2
Fore
SplineSet
206 316 m 0,0,1
 199 316 199 316 199 325 c 0,2,3
 199 330 199 330 201.5 335.5 c 128,-1,4
 204 341 204 341 209 342 c 0,5,6
 226 340 226 340 258 339.5 c 128,-1,7
 290 339 290 339 328 339 c 1,8,9
 343 359 343 359 357.5 378 c 128,-1,10
 372 397 372 397 386 417 c 0,11,12
 461 522 461 522 535 606 c 128,-1,13
 609 690 609 690 682 753 c 1,14,15
 621 766 621 766 568.5 785 c 128,-1,16
 516 804 516 804 464 821 c 128,-1,17
 412 838 412 838 357 850.5 c 128,-1,18
 302 863 302 863 237 863 c 0,19,20
 153 863 153 863 89.5 840 c 128,-1,21
 26 817 26 817 -16.5 781 c 128,-1,22
 -59 745 -59 745 -81 701.5 c 128,-1,23
 -103 658 -103 658 -103 618 c 0,24,25
 -103 591 -103 591 -93.5 567.5 c 128,-1,26
 -84 544 -84 544 -65 526.5 c 128,-1,27
 -46 509 -46 509 -17.5 498.5 c 128,-1,28
 11 488 11 488 50 488 c 0,29,30
 74 488 74 488 97.5 496 c 128,-1,31
 121 504 121 504 139.5 518.5 c 128,-1,32
 158 533 158 533 169.5 553 c 128,-1,33
 181 573 181 573 181 598 c 0,34,35
 181 619 181 619 177.5 629.5 c 128,-1,36
 174 640 174 640 169.5 646.5 c 128,-1,37
 165 653 165 653 161.5 658.5 c 128,-1,38
 158 664 158 664 158 673 c 0,39,40
 158 681 158 681 166 689.5 c 128,-1,41
 174 698 174 698 187 698 c 0,42,43
 210 698 210 698 222 681 c 128,-1,44
 234 664 234 664 234 638 c 256,45,46
 234 612 234 612 221 581.5 c 128,-1,47
 208 551 208 551 181 525 c 128,-1,48
 154 499 154 499 113 481.5 c 128,-1,49
 72 464 72 464 15 464 c 0,50,51
 -26 464 -26 464 -56.5 474.5 c 128,-1,52
 -87 485 -87 485 -107 503 c 128,-1,53
 -127 521 -127 521 -137 545 c 128,-1,54
 -147 569 -147 569 -147 597 c 0,55,56
 -147 645 -147 645 -118 698 c 128,-1,57
 -89 751 -89 751 -32 796 c 128,-1,58
 25 841 25 841 109 870 c 128,-1,59
 193 899 193 899 303 899 c 0,60,61
 360 899 360 899 415 888.5 c 128,-1,62
 470 878 470 878 524.5 863 c 128,-1,63
 579 848 579 848 632.5 831 c 128,-1,64
 686 814 686 814 740 800 c 1,65,66
 825 865 825 865 904.5 898 c 128,-1,67
 984 931 984 931 1059 931 c 0,68,69
 1111 931 1111 931 1135 917 c 128,-1,70
 1159 903 1159 903 1159 882 c 0,71,72
 1159 860 1159 860 1136 834.5 c 128,-1,73
 1113 809 1113 809 1072 787 c 128,-1,74
 1031 765 1031 765 974.5 750 c 128,-1,75
 918 735 918 735 850 735 c 0,76,77
 821 735 821 735 794 737 c 128,-1,78
 767 739 767 739 741 742 c 1,79,80
 677 677 677 677 610.5 596.5 c 128,-1,81
 544 516 544 516 475 425 c 0,82,83
 458 403 458 403 441.5 381.5 c 128,-1,84
 425 360 425 360 408 339 c 1,85,86
 427 340 427 340 442.5 340 c 128,-1,87
 458 340 458 340 470 341 c 0,88,89
 483 341 483 341 483 335 c 0,90,91
 483 330 483 330 476.5 325 c 128,-1,92
 470 320 470 320 466 319 c 0,93,94
 455 320 455 320 441 320 c 128,-1,95
 427 320 427 320 411 320 c 2,96,-1
 392 320 l 1,97,98
 327 239 327 239 259 166.5 c 128,-1,99
 191 94 191 94 116 33 c 1,100,101
 246 9 246 9 394.5 -26 c 128,-1,102
 543 -61 543 -61 703 -103 c 128,-1,103
 863 -145 863 -145 1031.5 -190 c 128,-1,104
 1200 -235 1200 -235 1369.5 -278.5 c 128,-1,105
 1539 -322 1539 -322 1707 -361.5 c 128,-1,106
 1875 -401 1875 -401 2033.5 -430.5 c 128,-1,107
 2192 -460 2192 -460 2338.5 -477.5 c 128,-1,108
 2485 -495 2485 -495 2612 -495 c 0,109,110
 2722 -495 2722 -495 2799.5 -478 c 128,-1,111
 2877 -461 2877 -461 2925.5 -433.5 c 128,-1,112
 2974 -406 2974 -406 2996 -371.5 c 128,-1,113
 3018 -337 3018 -337 3018 -302 c 0,114,115
 3018 -270 3018 -270 3001.5 -240 c 128,-1,116
 2985 -210 2985 -210 2955 -187 c 128,-1,117
 2925 -164 2925 -164 2883.5 -150 c 128,-1,118
 2842 -136 2842 -136 2792 -136 c 0,119,120
 2763 -136 2763 -136 2733.5 -141.5 c 128,-1,121
 2704 -147 2704 -147 2679 -160.5 c 128,-1,122
 2654 -174 2654 -174 2636 -196.5 c 128,-1,123
 2618 -219 2618 -219 2612 -252 c 0,124,125
 2610 -267 2610 -267 2598 -274.5 c 128,-1,126
 2586 -282 2586 -282 2574 -282 c 0,127,128
 2564 -282 2564 -282 2556.5 -276.5 c 128,-1,129
 2549 -271 2549 -271 2549 -260 c 0,130,131
 2549 -221 2549 -221 2573.5 -193 c 128,-1,132
 2598 -165 2598 -165 2635.5 -147.5 c 128,-1,133
 2673 -130 2673 -130 2718 -122 c 128,-1,134
 2763 -114 2763 -114 2804 -114 c 0,135,136
 2874 -114 2874 -114 2932 -130 c 128,-1,137
 2990 -146 2990 -146 3031.5 -173 c 128,-1,138
 3073 -200 3073 -200 3095.5 -234.5 c 128,-1,139
 3118 -269 3118 -269 3118 -306 c 0,140,141
 3118 -345 3118 -345 3089 -383.5 c 128,-1,142
 3060 -422 3060 -422 2998 -452.5 c 128,-1,143
 2936 -483 2936 -483 2837 -502 c 128,-1,144
 2738 -521 2738 -521 2599 -521 c 0,145,146
 2359 -521 2359 -521 2120.5 -491.5 c 128,-1,147
 1882 -462 1882 -462 1652 -415 c 128,-1,148
 1422 -368 1422 -368 1203.5 -309 c 128,-1,149
 985 -250 985 -250 785 -191.5 c 128,-1,150
 585 -133 585 -133 406.5 -81.5 c 128,-1,151
 228 -30 228 -30 79 4 c 1,152,153
 -23 -71 -23 -71 -138.5 -115.5 c 128,-1,154
 -254 -160 -254 -160 -392 -160 c 0,155,156
 -483 -160 -483 -160 -526 -135.5 c 128,-1,157
 -569 -111 -569 -111 -569 -77 c 0,158,159
 -569 -52 -569 -52 -546.5 -25.5 c 128,-1,160
 -524 1 -524 1 -480 22.5 c 128,-1,161
 -436 44 -436 44 -371.5 58 c 128,-1,162
 -307 72 -307 72 -223 72 c 0,163,164
 -163 72 -163 72 -92 64.5 c 128,-1,165
 -21 57 -21 57 60 43 c 1,166,167
 131 103 131 103 193.5 173.5 c 128,-1,168
 256 244 256 244 313 319 c 1,169,170
 291 318 291 318 272 318 c 128,-1,171
 253 318 253 318 238 317 c 0,172,173
 220 316 220 316 206 316 c 0,0,1
-244 50 m 0,174,175
 -303 50 -303 50 -346 39 c 128,-1,176
 -389 28 -389 28 -417 10.5 c 128,-1,177
 -445 -7 -445 -7 -459 -28 c 128,-1,178
 -473 -49 -473 -49 -473 -69 c 0,179,180
 -473 -98 -473 -98 -446.5 -118 c 128,-1,181
 -420 -138 -420 -138 -368 -138 c 0,182,183
 -257 -138 -257 -138 -159 -95.5 c 128,-1,184
 -61 -53 -61 -53 27 16 c 1,185,186
 -51 33 -51 33 -118.5 41.5 c 128,-1,187
 -186 50 -186 50 -244 50 c 0,174,175
925 774 m 0,188,189
 968 774 968 774 999 782.5 c 128,-1,190
 1030 791 1030 791 1050.5 804.5 c 128,-1,191
 1071 818 1071 818 1080.5 834 c 128,-1,192
 1090 850 1090 850 1090 865 c 0,193,194
 1090 884 1090 884 1075 897.5 c 128,-1,195
 1060 911 1060 911 1032 911 c 0,196,197
 974 911 974 911 913.5 878.5 c 128,-1,198
 853 846 853 846 790 789 c 1,199,200
 823 782 823 782 856.5 778 c 128,-1,201
 890 774 890 774 925 774 c 0,188,189
EndSplineSet
