Width: 494
Flags: W
LayerCount: 2
Fore
SplineSet
451 419 m 2,0,1
 454 423 454 423 458 426.5 c 128,-1,2
 462 430 462 430 469.5 431.5 c 128,-1,3
 477 433 477 433 490 434 c 128,-1,4
 503 435 503 435 524 435 c 0,5,6
 539 435 539 435 539 430 c 0,7,8
 539 427 539 427 534 422 c 128,-1,9
 529 417 529 417 524 410 c 0,10,11
 516 400 516 400 500 377 c 128,-1,12
 484 354 484 354 465 324.5 c 128,-1,13
 446 295 446 295 426 261.5 c 128,-1,14
 406 228 406 228 390 195.5 c 128,-1,15
 374 163 374 163 363.5 135 c 128,-1,16
 353 107 353 107 353 89 c 0,17,18
 353 64 353 64 375 64 c 0,19,20
 392 64 392 64 417 83 c 128,-1,21
 442 102 442 102 469 138 c 0,22,23
 472 142 472 142 476 142 c 0,24,25
 486 142 486 142 486 131 c 0,26,27
 486 130 486 130 485.5 130 c 128,-1,28
 485 130 485 130 485 129 c 2,29,-1
 485 128 l 1,30,31
 479 117 479 117 460 93.5 c 128,-1,32
 441 70 441 70 415.5 46 c 128,-1,33
 390 22 390 22 361 3.5 c 128,-1,34
 332 -15 332 -15 306 -16 c 0,35,36
 283 -16 283 -16 274 0 c 128,-1,37
 265 16 265 16 265 40 c 256,38,39
 265 64 265 64 272 92.5 c 128,-1,40
 279 121 279 121 289 145 c 0,41,42
 289 146 289 146 288 147 c 0,43,44
 285 150 285 150 285 150 c 2,45,46
 284 150 284 150 281 147 c 0,47,48
 273 137 273 137 250 111.5 c 128,-1,49
 227 86 227 86 195 59 c 128,-1,50
 163 32 163 32 126 11.5 c 128,-1,51
 89 -9 89 -9 54 -9 c 256,52,53
 19 -9 19 -9 3.5 7.5 c 128,-1,54
 -12 24 -12 24 -12 53 c 0,55,56
 -12 84 -12 84 4 124.5 c 128,-1,57
 20 165 20 165 47.5 207.5 c 128,-1,58
 75 250 75 250 111.5 291 c 128,-1,59
 148 332 148 332 188.5 364.5 c 128,-1,60
 229 397 229 397 272 417 c 128,-1,61
 315 437 315 437 355 437 c 0,62,63
 380 437 380 437 394.5 431.5 c 128,-1,64
 409 426 409 426 416.5 418.5 c 128,-1,65
 424 411 424 411 426.5 403 c 128,-1,66
 429 395 429 395 430 390 c 1,67,-1
 451 419 l 2,0,1
115 59 m 0,68,69
 144 59 144 59 176 79 c 128,-1,70
 208 99 208 99 239 128.5 c 128,-1,71
 270 158 270 158 297 192 c 128,-1,72
 324 226 324 226 342 253 c 0,73,74
 371 296 371 296 385 328 c 128,-1,75
 399 360 399 360 399 381 c 0,76,77
 399 419 399 419 358 419 c 0,78,79
 330 419 330 419 298.5 401.5 c 128,-1,80
 267 384 267 384 236.5 355.5 c 128,-1,81
 206 327 206 327 178 291 c 128,-1,82
 150 255 150 255 129 219 c 128,-1,83
 108 183 108 183 95.5 150.5 c 128,-1,84
 83 118 83 118 83 95 c 0,85,86
 83 78 83 78 90.5 68.5 c 128,-1,87
 98 59 98 59 115 59 c 0,68,69
EndSplineSet
