Width: 404
Flags: W
LayerCount: 2
Fore
SplineSet
395 440 m 0,0,1
 429 440 429 440 444 424 c 128,-1,2
 459 408 459 408 459 381 c 0,3,4
 459 350 459 350 441.5 309 c 128,-1,5
 424 268 424 268 395 223.5 c 128,-1,6
 366 179 366 179 327.5 136 c 128,-1,7
 289 93 289 93 247 59.5 c 128,-1,8
 205 26 205 26 162.5 5 c 128,-1,9
 120 -16 120 -16 83 -16 c 0,10,11
 49 -16 49 -16 28 6 c 128,-1,12
 7 28 7 28 7 79 c 0,13,14
 7 135 7 135 32.5 212 c 128,-1,15
 58 289 58 289 101.5 373 c 128,-1,16
 145 457 145 457 203 540 c 128,-1,17
 261 623 261 623 327 691 c 1,18,19
 254 717 254 717 216 755 c 128,-1,20
 178 793 178 793 178 828 c 0,21,22
 178 862 178 862 215 885 c 128,-1,23
 252 908 252 908 330 908 c 0,24,25
 359 908 359 908 389 903 c 128,-1,26
 419 898 419 898 446.5 889.5 c 128,-1,27
 474 881 474 881 497 868.5 c 128,-1,28
 520 856 520 856 535 841 c 1,29,30
 581 858 581 858 623 858 c 0,31,32
 704 858 704 858 744.5 832 c 128,-1,33
 785 806 785 806 785 772 c 0,34,35
 785 752 785 752 770 731.5 c 128,-1,36
 755 711 755 711 725 694.5 c 128,-1,37
 695 678 695 678 650 668 c 128,-1,38
 605 658 605 658 545 658 c 0,39,40
 497 658 497 658 454.5 663 c 128,-1,41
 412 668 412 668 376 677 c 1,42,43
 314 601 314 601 261 508 c 128,-1,44
 208 415 208 415 168 324 c 1,45,46
 187 340 187 340 213 360.5 c 128,-1,47
 239 381 239 381 269.5 398.5 c 128,-1,48
 300 416 300 416 332 428 c 128,-1,49
 364 440 364 440 395 440 c 0,0,1
109 9 m 0,50,51
 135 9 135 9 164 28 c 128,-1,52
 193 47 193 47 221.5 77.5 c 128,-1,53
 250 108 250 108 275.5 146 c 128,-1,54
 301 184 301 184 321 223 c 128,-1,55
 341 262 341 262 352.5 297.5 c 128,-1,56
 364 333 364 333 364 358 c 0,57,58
 364 377 364 377 356.5 388 c 128,-1,59
 349 399 349 399 332 399 c 256,60,61
 315 399 315 399 291.5 387.5 c 128,-1,62
 268 376 268 376 242.5 358.5 c 128,-1,63
 217 341 217 341 192.5 320 c 128,-1,64
 168 299 168 299 149 280 c 1,65,66
 117 202 117 202 99.5 138.5 c 128,-1,67
 82 75 82 75 82 38 c 0,68,69
 82 21 82 21 90 15 c 128,-1,70
 98 9 98 9 109 9 c 0,50,51
558 794 m 0,71,72
 558 782 558 782 540 782 c 0,73,74
 533 782 533 782 530 785 c 0,75,76
 528 787 528 787 527 789 c 0,77,78
 525 794 525 794 523.5 799 c 128,-1,79
 522 804 522 804 520 809 c 1,80,81
 486 789 486 789 453 759 c 128,-1,82
 420 729 420 729 388 691 c 1,83,84
 418 684 418 684 454 680 c 128,-1,85
 490 676 490 676 532 676 c 0,86,87
 578 676 578 676 612 686 c 128,-1,88
 646 696 646 696 668 711.5 c 128,-1,89
 690 727 690 727 700.5 746 c 128,-1,90
 711 765 711 765 711 783 c 0,91,92
 711 809 711 809 691 827 c 128,-1,93
 671 845 671 845 633 845 c 0,94,95
 612 845 612 845 590.5 839.5 c 128,-1,96
 569 834 569 834 548 824 c 1,97,98
 558 809 558 809 558 794 c 0,71,72
507 829 m 1,99,100
 481 861 481 861 434.5 876.5 c 128,-1,101
 388 892 388 892 341 892 c 0,102,103
 286 892 286 892 257.5 870.5 c 128,-1,104
 229 849 229 849 229 819 c 0,105,106
 229 790 229 790 256.5 759 c 128,-1,107
 284 728 284 728 341 706 c 1,108,109
 382 746 382 746 423.5 777.5 c 128,-1,110
 465 809 465 809 507 829 c 1,99,100
EndSplineSet
