Width: 347
Flags: W
LayerCount: 2
Fore
SplineSet
314 439 m 0,0,1
 354 439 354 439 372 417.5 c 128,-1,2
 390 396 390 396 390 368 c 0,3,4
 390 337 390 337 369 310.5 c 128,-1,5
 348 284 348 284 310 283 c 0,6,7
 294 283 294 283 285 292.5 c 128,-1,8
 276 302 276 302 276 315 c 0,9,10
 276 329 276 329 288.5 341 c 128,-1,11
 301 353 301 353 328 353 c 0,12,13
 343 353 343 353 350.5 361.5 c 128,-1,14
 358 370 358 370 358 381 c 0,15,16
 358 395 358 395 346 407.5 c 128,-1,17
 334 420 334 420 311 420 c 0,18,19
 290 420 290 420 266 404 c 128,-1,20
 242 388 242 388 218 361.5 c 128,-1,21
 194 335 194 335 171.5 301.5 c 128,-1,22
 149 268 149 268 132 233 c 128,-1,23
 115 198 115 198 105 165 c 128,-1,24
 95 132 95 132 95 106 c 256,25,26
 95 80 95 80 106 65 c 128,-1,27
 117 50 117 50 143 50 c 0,28,29
 170 50 170 50 197 63.5 c 128,-1,30
 224 77 224 77 247.5 97.5 c 128,-1,31
 271 118 271 118 290 142.5 c 128,-1,32
 309 167 309 167 320 189 c 0,33,34
 323 195 323 195 329 195 c 0,35,36
 339 195 339 195 339 185 c 0,37,38
 339 184 339 184 337 178 c 0,39,40
 327 153 327 153 300.5 119.5 c 128,-1,41
 274 86 274 86 238 56 c 128,-1,42
 202 26 202 26 160.5 5 c 128,-1,43
 119 -16 119 -16 79 -16 c 0,44,45
 37 -16 37 -16 18.5 7.5 c 128,-1,46
 0 31 0 31 0 69 c 0,47,48
 0 102 0 102 12.5 142 c 128,-1,49
 25 182 25 182 47 223.5 c 128,-1,50
 69 265 69 265 99 303.5 c 128,-1,51
 129 342 129 342 164 372.5 c 128,-1,52
 199 403 199 403 237 421 c 128,-1,53
 275 439 275 439 314 439 c 0,0,1
EndSplineSet
